,PESQ,MRSTFT,MSD,SCE,CFE,LUFS,RMS
0,4.516438007354736,0.13964152,1.1352775,90.388916015625,0.6149444580078125,1.5817133030389954,3.8369979858398438
1,4.363377571105957,0.89115,2.504571,450.050048828125,3.4566688537597656,10.363864979369332,24.74828338623047
2,4.185789585113525,1.0195266,4.475837,492.509521484375,2.081695556640625,3.786708025748524,10.314590454101562
3,3.2871055603027344,0.5361238,2.8325083,296.896484375,2.3369216918945312,3.5099199233109317,10.2855224609375
4,2.7261099815368652,1.6526629,9.62828,711.234619140625,9.558380126953125,3.7504125052930384,7.5416717529296875
5,2.9920220375061035,1.052498,5.9327545,1678.5843505859375,2.5243377685546875,3.1213638353773163,12.962394714355469
6,1.370579719543457,3.4507568,9.733816,197.39697265625,19.415023803710938,7.990174610593979,18.639129638671875
7,3.7104456424713135,0.68903685,4.604292,6.620849609375,3.2278671264648438,4.058644897827076,9.511329650878906
8,3.8679072856903076,0.5767289,2.6092267,267.888916015625,3.083454132080078,4.282486281578553,6.980949401855469
9,3.678243398666382,1.2562476,9.888289,1659.40771484375,1.81890869140625,6.5516734720139205,22.755836486816406
10,3.916581869125366,0.9890607,3.2328944,508.70068359375,0.1929168701171875,5.326566959952263,11.669601440429688
11,2.5130269527435303,1.266604,4.843157,205.9010009765625,3.41827392578125,2.5686886316630435,5.629486083984375
12,3.8197901248931885,0.42147002,1.3132734,279.211669921875,4.453960418701172,0.23103662882254028,1.03460693359375
13,3.5855047702789307,1.9499625,6.6267223,137.30517578125,5.291324615478516,6.700965580194602,17.729530334472656
14,3.254469156265259,1.1163434,1.2770756,216.433349609375,10.531715393066406,0.35319650887261034,1.9168472290039062
15,3.590668201446533,1.3522989,5.2933683,1169.1353759765625,3.43719482421875,6.864591024569524,23.616409301757812
16,3.2206106185913086,1.3678288,2.9373667,491.9495849609375,5.825046539306641,1.1238914953665038,1.7000732421875
17,3.3330345153808594,1.2897421,7.988542,1733.856201171875,6.1617584228515625,8.150438076742649,25.13695526123047
18,1.9269306659698486,2.2913177,9.122542,349.499755859375,8.719894409179688,7.083949742647238,18.13845443725586
19,1.3371853828430176,3.0251405,8.869952,131.97265625,13.077274322509766,5.5275139316505815,12.877578735351562
20,2.259862184524536,1.5214177,2.328587,555.763427734375,8.437633514404297,1.133185025664904,3.1983261108398438
21,4.0091118812561035,0.8818708,2.2199585,101.125,0.5864982604980469,3.7901396085318346,9.70770263671875
22,3.534952402114868,0.90906113,4.22093,290.093017578125,2.3944931030273438,2.3678936070846746,4.63055419921875
23,4.53829288482666,1.1249547,3.7577806,244.8363037109375,3.295612335205078,5.097349560942849,11.585052490234375
24,1.789870262145996,1.9281815,10.476991,231.9869384765625,7.008354187011719,3.7866758674141536,8.228935241699219
25,4.400846004486084,0.49366954,1.8719769,422.47900390625,1.2750053405761719,3.2311682482331143,10.690811157226562
26,2.8960394859313965,1.4001861,6.905749,282.949462890625,11.681114196777344,9.804581671824852,22.319595336914062
27,4.263548851013184,0.7531783,1.650965,286.475830078125,4.0420379638671875,5.443917204899414,14.196418762207031
28,3.053462505340576,0.5373177,3.1131384,69.8411865234375,2.9104766845703125,0.7681857479257346,2.5938796997070312
29,3.8660175800323486,1.1889964,4.806793,718.1629638671875,3.9168663024902344,2.8458273177182463,3.1901168823242188
30,1.9921305179595947,1.4780859,7.160682,151.7086181640625,6.992759704589844,2.398903980783018,5.083656311035156
31,3.64030385017395,0.45420575,2.2968946,227.54052734375,2.932464599609375,4.407209603191411,8.361495971679688
32,3.7265725135803223,0.42382613,0.9902129,89.052001953125,3.837268829345703,0.7894207544145146,2.6387252807617188
33,1.4320625066757202,2.4812994,11.870235,19.48291015625,15.095834732055664,6.603874998356144,16.675392150878906
34,3.087101697921753,1.0754362,3.970561,254.635986328125,7.819782257080078,4.146592096092828,9.552497863769531
35,4.287424087524414,0.7087779,4.211761,99.913818359375,4.143909454345703,3.564958129461541,8.279777526855469
36,3.4829068183898926,0.6606261,3.5168629,155.96728515625,1.61651611328125,4.634905675282173,11.591705322265625
37,1.3533024787902832,3.6705477,17.74708,1.60107421875,10.607585906982422,11.302469642583262,31.059730529785156
38,3.6644766330718994,0.4372256,1.6743767,371.74951171875,11.911083221435547,3.679493324796038,3.6133956909179688
39,2.959333896636963,1.132371,5.2582097,1256.930908203125,4.762626647949219,3.3130399154972636,14.478797912597656
40,2.906157970428467,0.68301994,1.5895665,58.2548828125,6.282436370849609,0.524734966008257,1.471527099609375
41,4.095330238342285,1.0819812,3.97374,175.609375,2.6077880859375,6.81830123765339,15.720252990722656
42,1.7267606258392334,1.1227064,6.188256,144.8431396484375,3.8692626953125,1.0246645104723164,2.8028030395507812
43,3.5352859497070312,0.604515,2.8246276,115.82763671875,4.326263427734375,2.2941808904366106,6.158302307128906
44,4.336424350738525,0.5196369,1.46182,140.3857421875,0.6698226928710938,4.14811455111121,8.9949951171875
45,1.9807116985321045,2.571624,12.2952585,330.308349609375,9.185962677001953,5.342321528773535,13.88882827758789
46,4.32387113571167,0.6731379,2.9755213,96.81201171875,2.6578216552734375,3.4780507421265483,8.679893493652344
47,4.322336673736572,1.0945064,5.28162,25.33984375,0.1251983642578125,6.926394337496841,16.85053253173828
48,3.6246562004089355,0.5618975,1.3101056,391.470703125,9.132560729980469,4.197437399161409,6.542144775390625
49,3.9245738983154297,0.85311395,5.472192,109.376708984375,3.391071319580078,4.0708563021499025,10.933425903320312
50,4.43163537979126,0.74861145,2.135673,187.14794921875,2.537384033203125,4.9159024614640465,10.166908264160156
51,3.247223377227783,0.39250994,1.0726056,94.7978515625,6.220020294189453,4.545371800082886,8.926605224609375
52,3.569920301437378,2.104833,4.5261636,154.927978515625,9.493026733398438,9.089755117314674,22.52691650390625
53,3.587162733078003,0.96966976,4.5813046,739.7169189453125,6.369464874267578,0.05889093388523747,3.53350830078125
54,1.3132288455963135,3.2021751,10.597328,157.9771728515625,10.67238998413086,6.054586715378498,14.809326171875
55,3.3543691635131836,0.63104194,1.9755287,293.96826171875,3.5231666564941406,3.319415681334558,6.9840545654296875
56,2.7612974643707275,0.40612924,1.3177637,2.0545654296875,0.1982879638671875,1.7037767831044945,3.2357406616210938
57,4.52505350112915,0.4361899,2.010674,101.4287109375,0.5195693969726562,3.740774469226949,8.067970275878906
58,4.010004997253418,0.4884565,0.9787794,67.049560546875,10.590415954589844,2.299416267581911,5.7053375244140625
59,1.8463598489761353,3.20843,14.936088,287.68359375,13.231285095214844,7.079238392125671,16.692710876464844
60,4.283192157745361,1.3331834,3.438241,155.806640625,13.053337097167969,7.493776627066701,17.46526336669922
61,3.4600369930267334,0.84055096,3.8263056,43.0528564453125,2.22955322265625,3.407962646275884,8.187347412109375
62,2.5001344680786133,1.6514858,3.9185004,170.87744140625,11.4705810546875,8.566684469084038,19.707077026367188
63,3.1506569385528564,1.2586137,9.198961,1120.7672119140625,5.927276611328125,7.878244288238765,20.383956909179688
64,3.326002359390259,0.870162,1.6306696,154.041259765625,4.314853668212891,1.6445841586569934,2.6312255859375
65,4.390799522399902,0.27098176,1.2156078,21.115234375,1.2578163146972656,0.20276712008553943,0.6766586303710938
66,3.253216028213501,0.30721182,2.4824197,148.5074462890625,2.8836097717285156,0.20333818427954142,0.14542388916015625
67,2.9742159843444824,0.47199014,1.7801703,126.19384765625,4.588161468505859,5.348982172777454,11.378402709960938
68,3.913954734802246,0.46259344,1.4022385,237.310546875,2.856731414794922,2.9324215339786264,8.074081420898438
69,1.9292759895324707,2.7014124,15.91449,90.316162109375,18.51190757751465,7.848601963105079,19.90460968017578
70,3.816831588745117,0.6657956,4.3711767,127.14208984375,3.4275245666503906,1.6375967361244328,3.7779541015625
71,4.260631561279297,0.54449576,1.9338933,106.8017578125,0.07837295532226562,3.5703829350956724,7.355705261230469
72,3.413879156112671,0.5086873,2.4845757,131.005859375,6.880409240722656,2.8854859606262835,7.301261901855469
73,2.3943395614624023,2.2597048,12.324066,244.238037109375,12.287481307983398,8.055861164232645,20.253341674804688
74,4.184812545776367,0.3655666,2.4734788,274.830078125,5.669578552246094,3.4859537228546955,6.2740631103515625
75,4.571432590484619,0.51433,2.4824293,87.01171875,0.576904296875,3.3471477171615867,7.357337951660156
76,3.3544788360595703,1.9335471,6.9591985,340.506103515625,3.0690841674804688,3.8041102710114245,10.18679428100586
77,2.4551854133605957,0.64577,1.353123,106.175048828125,8.681503295898438,0.8102648075724304,1.7757949829101562
78,3.047856330871582,2.312104,7.688893,293.33544921875,12.593242645263672,7.481000927813252,18.49352264404297
79,4.151939868927002,1.4464198,4.904014,88.661865234375,0.6761627197265625,8.723080983054494,20.621139526367188
80,3.8225417137145996,0.7332192,1.9770956,167.70654296875,1.9380302429199219,0.33923355147089396,1.1490631103515625
81,3.7821948528289795,0.75420237,2.371031,71.41552734375,8.664901733398438,1.05243372847913,4.308753967285156
82,4.063381671905518,1.0631229,7.1495957,71.8544921875,3.5589218139648438,6.806972141360717,16.134063720703125
83,2.986973524093628,1.5799326,3.7062645,174.32080078125,7.165245056152344,4.918816865215312,12.93463134765625
84,3.8540914058685303,1.2522347,5.8648453,1546.2666015625,7.4446258544921875,9.007367750201695,28.230194091796875
85,1.7071549892425537,1.676465,6.8886304,121.90234375,10.298347473144531,2.46032848569984,6.463310241699219
86,3.1310031414031982,1.4073135,5.119834,435.74560546875,5.603752136230469,4.482792977359761,9.387725830078125
87,3.33950138092041,1.7367045,11.857489,742.752197265625,12.14859390258789,9.609645201916845,24.53583526611328
88,3.1542158126831055,0.5262659,0.92730165,227.917724609375,6.047885894775391,3.4287834224228035,8.275909423828125
89,3.0961925983428955,1.386404,3.5822551,691.977783203125,6.493457794189453,3.427273833845298,5.2309112548828125
90,2.993380069732666,0.7748919,1.31897,308.787109375,3.6261329650878906,0.9574529019510791,1.6873855590820312
91,3.6530916690826416,0.507829,3.0228634,274.243408203125,1.3308448791503906,2.871057340443766,8.405433654785156
92,2.5302138328552246,0.9674304,4.4902854,864.3822021484375,2.0517807006835938,1.127946323290331,4.507194519042969
93,3.7665295600891113,0.4885076,2.8838174,117.109375,4.480888366699219,1.6666917447382126,5.032875061035156
94,4.425541400909424,1.077922,2.1741157,326.386474609375,2.5357666015625,6.717136280983517,16.063194274902344
95,3.0958573818206787,0.46431157,1.3311548,36.655029296875,4.764373779296875,2.7197341495103515,6.979438781738281
96,2.423011064529419,0.64889723,1.2025824,26.8876953125,17.14376449584961,0.6140479909246181,1.1245880126953125
97,4.591884136199951,0.38855794,2.5526574,13.86572265625,0.39434051513671875,2.19010494827155,5.136695861816406
98,3.083904981613159,1.4980372,3.6615167,198.630859375,13.965518951416016,5.443398686766212,14.188789367675781
99,1.056476354598999,3.7557068,22.027939,96.2080078125,27.75867462158203,10.811355496001475,28.239479064941406
100,2.1655404567718506,2.4351215,10.354475,62.9970703125,13.850170135498047,9.374432878276298,23.66173553466797
101,3.480391502380371,0.9037454,5.261691,799.1201171875,6.216987609863281,1.5784445557930873,7.026832580566406
102,3.989605188369751,0.35842094,1.1595161,149.44140625,3.747875213623047,4.672802308211466,10.946067810058594
103,4.067017078399658,0.43827674,2.4229417,119.7459716796875,0.1273345947265625,4.495214629792304,10.325836181640625
104,3.275190591812134,2.414518,6.5415382,494.472412109375,5.602626800537109,6.996582778802242,16.6126708984375
105,1.2657521963119507,2.7610729,7.850646,219.4290771484375,8.51675796508789,1.8397939895114064,5.5317230224609375
106,4.581221580505371,0.28480157,1.2423346,50.157470703125,0.5594711303710938,2.761318429486426,6.046470642089844
107,3.720345973968506,0.8813608,3.6321528,739.342529296875,2.687286376953125,2.465343215536862,7.341972351074219
108,3.3817837238311768,0.51500565,1.9103341,30.328857421875,8.006874084472656,0.699640175205225,3.3024749755859375
109,4.421144008636475,0.49048233,2.6716087,307.2921142578125,2.709735870361328,0.173546762563479,1.2839202880859375
110,1.7636566162109375,3.0748348,14.802052,432.91650390625,17.89395523071289,9.167856775712124,20.16470718383789
111,3.1101620197296143,0.7871868,1.3602326,73.183349609375,6.754169464111328,1.2255377417291875,2.6845550537109375
112,3.097404718399048,1.6136671,6.3736067,40.384033203125,6.398754119873047,5.289127868607157,10.994239807128906
113,2.919182538986206,2.2327473,6.4723907,285.847412109375,11.783958435058594,9.554674354055244,26.057655334472656
114,3.605545997619629,0.7011269,3.678239,623.641357421875,3.5429916381835938,4.00881688182373,9.919479370117188
115,4.056842803955078,0.7102957,4.925892,42.0205078125,3.7145614624023438,5.608813195930782,14.169273376464844
116,1.5776190757751465,3.6434624,18.307625,95.8056640625,15.26919174194336,14.067439443266455,35.699737548828125
117,2.9881234169006348,2.9299743,9.42865,12.822509765625,7.0537109375,10.489160743595846,26.32831573486328
118,1.2835184335708618,3.0532188,13.196567,195.322021484375,10.708883285522461,7.915339922941563,21.284786224365234
119,4.468435764312744,0.58348674,2.112708,181.6719970703125,1.2529716491699219,0.07883253034992066,0.7006454467773438
120,4.063401699066162,1.0287365,2.767159,346.351318359375,2.0902099609375,7.232564114179976,18.217681884765625
121,3.1161468029022217,1.1339878,7.674048,1449.7720947265625,1.5616798400878906,4.016408435594741,15.006156921386719
122,2.4801297187805176,2.2807198,3.855804,127.01025390625,9.594135284423828,5.714455485382647,14.086402893066406
123,2.3215219974517822,2.3097546,11.021406,39.156005859375,20.83908462524414,10.33895302703024,23.90715789794922
124,4.026358127593994,0.32249308,1.0041817,182.207763671875,0.8257675170898438,2.979643694614591,7.6332855224609375
125,4.234851360321045,0.8698869,1.620069,336.589599609375,2.455413818359375,3.30128823153629,7.540863037109375
126,3.332871437072754,0.3836727,1.5947914,148.298583984375,8.056900024414062,2.587848193911178,6.3166351318359375
127,3.9987168312072754,0.9329829,2.411363,265.894287109375,2.9011001586914062,1.6187543816408514,3.842437744140625
128,4.124258995056152,0.6105008,2.2680562,142.24365234375,4.511409759521484,4.855857727380414,10.941032409667969
129,1.2592931985855103,3.3151753,10.996125,1.323974609375,8.097969055175781,7.756487293582321,20.25690460205078
130,2.6537649631500244,1.6498922,7.1032205,63.433837890625,12.266830444335938,3.510731633580175,9.623222351074219
131,3.1935319900512695,2.2627547,9.004488,76.77587890625,4.088420867919922,7.722342329653735,20.234214782714844
132,2.574690580368042,2.347976,9.732824,654.98486328125,7.550365447998047,5.3468039942361045,12.23687744140625
133,2.9252963066101074,0.9663983,4.055123,409.482177734375,3.624042510986328,1.6037104182304276,3.7275238037109375
134,2.3620152473449707,0.84879446,3.242476,171.4539794921875,0.5729484558105469,1.3445053905694948,3.7295074462890625
135,3.2236719131469727,0.54353046,1.5011623,242.89892578125,6.615612030029297,1.266762125985693,3.9247589111328125
136,3.4879865646362305,0.47992718,1.7645248,160.6800537109375,3.9148712158203125,1.4840839698537849,3.91741943359375
137,3.690239667892456,0.44047388,1.8246546,131.61669921875,0.23399734497070312,0.2847302576952053,0.4923553466796875
138,2.994237184524536,0.5131252,3.2273133,100.749267578125,1.0493507385253906,0.5218860569671904,1.6496658325195312
139,3.282622814178467,1.2427042,7.3112473,1528.825927734375,6.339515686035156,6.311379783055489,21.623573303222656
140,2.054929494857788,0.86235,3.888257,52.4830322265625,5.666862487792969,2.431256662369762,5.711967468261719
141,3.5433504581451416,0.43589067,2.1987576,63.6201171875,1.8754806518554688,3.8469216399985022,8.410224914550781
142,4.026276111602783,0.43989328,1.540928,396.02294921875,2.8695755004882812,3.58524845244564,8.785148620605469
143,3.4774651527404785,1.2343156,7.4273496,1473.971435546875,10.010467529296875,7.101453062712164,22.678695678710938
144,3.3043885231018066,0.48097977,1.705702,138.1795654296875,0.9444313049316406,3.056987138406683,8.286140441894531
145,3.7077176570892334,0.3692596,0.827569,104.540283203125,3.5079727172851562,3.016742512175451,6.683502197265625
146,3.361987829208374,0.48326504,1.6165016,381.958251953125,9.0157470703125,0.2970708000390623,1.6059722900390625
147,2.5726070404052734,1.142801,5.724294,1471.7686767578125,2.3563079833984375,2.303241281019236,12.019004821777344
148,3.033869743347168,0.37857655,1.231794,117.9788818359375,1.3193740844726562,0.8251258727263782,1.9429779052734375
149,4.297731876373291,0.76128775,2.714355,63.986328125,1.0301361083984375,5.81177966928886,13.396408081054688
150,3.107038974761963,0.43329844,2.663061,24.893310546875,3.138622283935547,3.6221858989411224,8.594161987304688
151,3.5215303897857666,0.5891426,1.3406088,353.707763671875,4.9410247802734375,3.404078169929786,7.344566345214844
152,2.244319200515747,1.2215077,5.030095,1545.2647705078125,10.447784423828125,0.03885117869755561,8.080535888671875
153,4.17454719543457,0.30856153,1.4913408,3.679443359375,0.21149063110351562,1.0503169485015427,2.2491836547851562
154,3.8240716457366943,0.72482735,2.449049,3.29345703125,4.3006591796875,2.269078701089672,5.047554016113281
155,3.4349493980407715,0.89962083,5.083719,222.15283203125,5.207332611083984,2.5417556779024792,5.1954193115234375
156,2.9116640090942383,0.63565034,1.8730102,320.84033203125,4.4033355712890625,4.2746387818415705,11.297561645507812
157,4.264342784881592,0.20351624,1.2774289,136.71142578125,3.3082618713378906,0.352454700386879,1.7462158203125
158,3.2345659732818604,1.0992326,7.1035285,1346.8328857421875,0.7406272888183594,2.997028329739841,13.680618286132812
159,2.070901393890381,2.2111955,9.050024,63.1253662109375,14.734622955322266,4.835996480946861,12.131206512451172
160,4.171230792999268,0.5922132,2.7592838,233.95556640625,6.142391204833984,9.30462415705172,20.860565185546875
161,4.2406110763549805,0.5979206,1.474236,619.61572265625,1.9857330322265625,0.19453713411873252,1.6380233764648438
162,3.7117154598236084,0.4165355,1.2251742,37.577392578125,5.856605529785156,0.00205760066517513,1.6340866088867188
163,2.989760398864746,0.52143717,1.1900612,151.51806640625,3.885753631591797,3.6486207836255566,8.264015197753906
164,3.71513295173645,1.0048593,3.4979415,93.9842529296875,4.494823455810547,3.740749782483057,10.502235412597656
165,3.225705623626709,1.1866359,3.9922981,251.79833984375,7.672233581542969,0.4712443585250625,2.7823867797851562
166,4.152715682983398,0.4792067,2.7567623,588.802490234375,3.4048538208007812,2.0808628418033734,7.084358215332031
167,4.4652276039123535,0.6627273,2.8594909,115.1280517578125,1.4588813781738281,5.169060516280457,11.28662109375
168,4.494022369384766,0.4289123,2.4506316,88.6063232421875,3.1469955444335938,3.293493413469168,8.224533081054688
169,4.390451431274414,0.9489595,3.425381,243.873046875,1.8500900268554688,2.9846210677467617,8.024948120117188
170,3.4722142219543457,0.4436269,2.6787791,42.655517578125,1.7845649719238281,2.69848134142325,6.111602783203125
171,3.1390302181243896,2.1809404,6.8366957,229.604736328125,8.914386749267578,8.347511605870142,20.44634246826172
172,3.3583712577819824,0.95495874,2.1531599,224.54443359375,10.540313720703125,1.0636815007472933,3.58953857421875
173,2.5140771865844727,0.7784586,5.10877,291.4393310546875,2.091686248779297,1.1452454096245113,4.7083282470703125
174,3.3491673469543457,0.7527268,1.0963918,458.594970703125,3.4971694946289062,0.20643961069632866,0.7783126831054688
175,1.9349348545074463,1.842465,9.794347,43.456787109375,10.350364685058594,3.277534718654465,9.273979187011719
176,2.6603457927703857,1.0925416,8.373104,1635.5244140625,0.48892974853515625,3.4291343532254714,13.800651550292969
177,4.379298686981201,0.1892165,1.1537507,101.7806396484375,2.8075942993164062,0.7553669267159968,2.8103179931640625
178,3.6873443126678467,1.7126331,5.0084753,420.8564453125,4.2828369140625,8.377233523550046,20.169456481933594
179,3.586961507797241,1.1672267,3.4482684,243.960205078125,5.383079528808594,1.183743737101338,4.449470520019531
180,3.0368940830230713,1.4557804,4.5688295,106.53857421875,12.732585906982422,2.8126525825010873,9.464920043945312
181,3.5662615299224854,1.4682125,7.8505774,151.337646484375,4.386619567871094,5.325428683962244,13.207374572753906
182,3.3923745155334473,1.5835499,5.620119,567.194580078125,12.545703887939453,4.558102792309583,9.610092163085938
183,2.0789713859558105,2.1311677,8.590556,215.205322265625,7.011348724365234,4.352540427023413,12.233711242675781
184,1.9825325012207031,2.4761207,7.4529457,5.96875,8.004402160644531,7.121483809771675,18.103477478027344
185,2.840965509414673,0.98913246,2.239047,23.560302734375,16.030330657958984,2.2514500370132886,6.9011077880859375
186,3.517601251602173,0.8222854,3.2108855,1162.8564453125,9.257431030273438,1.7313454738790313,5.563285827636719
187,4.006438255310059,0.6631648,2.4137864,160.7265625,1.5257759094238281,0.7309478111616521,1.1966400146484375
188,3.701413631439209,0.82713443,4.1977825,4.2567138671875,3.30096435546875,2.098551985010211,5.469451904296875
189,2.991375207901001,2.029424,3.7534738,819.144775390625,9.21292495727539,3.790673458682008,8.282943725585938
190,3.754716634750366,0.50661534,4.0348177,472.044677734375,5.071197509765625,5.407928091027024,14.2822265625
191,2.181410074234009,1.2781087,6.3360224,299.5433349609375,12.779838562011719,5.200901644753429,14.074066162109375
192,3.6869027614593506,0.66624385,2.6850724,91.38671875,4.235557556152344,1.8562938684159285,2.7108840942382812
193,3.037214517593384,1.4403015,6.650734,330.13671875,7.795478820800781,5.596385317290096,15.299293518066406
194,3.7166168689727783,0.5902165,1.3727038,4.625244140625,7.198356628417969,1.012881372844113,2.023101806640625
195,3.0554592609405518,0.4855717,1.4144151,233.36279296875,7.2783966064453125,1.5945867561884803,3.0768356323242188
196,3.2483317852020264,0.53283215,1.0442998,12.82763671875,5.46929931640625,0.45934216993624943,0.04721832275390625
197,2.916806936264038,1.4337368,10.465226,964.3505859375,7.534748077392578,6.9586049607215195,23.11750030517578
198,2.5686070919036865,0.74123746,3.7135742,55.6024169921875,13.502540588378906,3.475918604454808,9.151145935058594
199,3.23606014251709,1.1712104,5.7076073,1295.8941650390625,1.364166259765625,3.4746059399824247,15.218635559082031
200,2.9992640018463135,0.6521301,0.9077978,149.0419921875,13.07291030883789,0.15012641166369178,1.7139434814453125
201,4.028441429138184,0.51072073,2.9843552,704.3076171875,2.9011878967285156,7.042371186837919,19.134307861328125
202,3.9669930934906006,0.6181361,1.167471,125.0078125,8.568374633789062,2.741096269493994,5.033576965332031
203,1.9631974697113037,0.90016705,5.8664627,502.0540771484375,5.302730560302734,1.7788411981739536,5.1962890625
204,2.9136459827423096,1.1890221,7.2986174,1106.600830078125,1.8245010375976562,3.4210255310333153,13.851959228515625
205,4.285118579864502,0.7752502,3.4473262,475.067138671875,4.481147766113281,0.15297215072390102,2.1740875244140625
206,3.614983320236206,0.56196445,2.4668276,113.0013427734375,0.11074447631835938,1.0016911921191038,2.9853668212890625
207,4.056873321533203,0.45903078,2.002347,145.489990234375,0.6846466064453125,0.6355070353240393,2.2527542114257812
208,4.132779121398926,0.40680754,1.6516006,173.9486083984375,1.4850616455078125,1.6804727226403458,2.8015975952148438
209,4.029077053070068,1.0336375,3.761588,1338.6785888671875,2.8309898376464844,2.682498774786197,12.285751342773438
210,4.069855690002441,0.67462015,2.9574137,195.41259765625,4.245265960693359,2.317029193988759,4.647682189941406
211,3.785823106765747,0.9042132,2.9517565,69.434814453125,6.488162994384766,1.8260552511151822,5.150016784667969
212,4.226489543914795,1.1027937,6.3797398,733.820556640625,6.36663818359375,1.4045587494711071,7.9907379150390625
213,4.155695915222168,0.61708987,2.7202525,113.134765625,3.4112396240234375,0.16706882375608245,1.5385360717773438
214,2.3975045680999756,1.1880791,5.5428123,1167.237548828125,6.5621185302734375,2.8091135616406397,12.285980224609375
215,2.938206434249878,1.1834476,2.5430977,109.411376953125,19.01726531982422,0.8923689038807865,6.843299865722656
216,4.039856433868408,0.543624,1.8604317,616.02392578125,3.326915740966797,2.475639864426064,6.2915191650390625
217,3.2815918922424316,0.7115431,2.2278562,42.157958984375,4.504344940185547,1.0694671217151601,3.7504425048828125
218,4.433531284332275,0.56999904,3.2515442,82.2073974609375,1.2735023498535156,4.409233249156603,10.570037841796875
219,3.374901056289673,1.3220091,8.497003,1378.4608154296875,3.5517959594726562,6.511967085588708,23.777099609375
220,3.365485191345215,1.1892233,5.7246757,1222.0977783203125,2.9812889099121094,4.908178989966938,18.715652465820312
221,4.601119041442871,0.2981058,1.7385886,114.8536376953125,0.08347702026367188,1.9443251991171664,4.076591491699219
222,1.5394313335418701,2.6460774,9.859136,97.7421875,14.179019927978516,3.7469773519547545,14.465438842773438
223,3.130784749984741,1.3892927,3.5715036,718.87109375,5.450653076171875,1.6176653740656413,1.4717636108398438
224,3.295024871826172,2.1411688,7.7827954,89.79541015625,5.03399658203125,7.456681652490126,18.662384033203125
225,3.979731321334839,0.4957501,2.5050254,38.7772216796875,1.6862411499023438,1.4157302587751701,3.1750411987304688
226,4.115464687347412,0.7343342,2.5903516,249.47412109375,1.7551612854003906,6.122933614746369,15.946235656738281
227,3.7546257972717285,0.8452487,1.1548107,388.89892578125,9.926036834716797,0.9613570790303676,2.4956588745117188
228,1.1650482416152954,3.4801052,9.361109,83.1600341796875,11.367202758789062,7.23363951100513,23.887977600097656
229,2.9045889377593994,2.2593284,7.574046,106.55126953125,9.200672149658203,7.892492392577861,19.364715576171875
230,4.350363254547119,0.8372359,2.5682585,252.4462890625,0.46149444580078125,5.805746891168045,11.89971923828125
231,3.9747507572174072,1.122709,4.794964,365.466064453125,2.278980255126953,1.9013792818573485,1.6691055297851562
232,3.752497911453247,0.7050746,1.657769,370.834228515625,0.000148773193359375,5.085523744005641,9.0372314453125
233,3.182755947113037,1.1467129,7.022325,1653.3251953125,3.408489227294922,2.3106915857176418,12.595436096191406
234,1.8455066680908203,1.8222198,7.1884913,12.558837890625,8.089946746826172,3.6825023404244632,8.628753662109375
235,2.5481863021850586,0.87347704,2.0490456,95.42431640625,8.885330200195312,0.060742443046482464,0.41269683837890625
236,3.879223585128784,0.6820068,1.5199147,711.44091796875,5.360015869140625,5.289538566795663,12.618576049804688
237,2.5574111938476562,2.4102056,10.603241,311.127685546875,16.11611557006836,6.881469645631302,16.768898010253906
238,2.817434310913086,1.0703272,2.1570005,367.936279296875,4.442375183105469,4.3158052008618135,8.353164672851562
239,3.9683821201324463,0.98256034,2.63438,305.80517578125,0.15099716186523438,1.7215046773533373,6.6488189697265625
240,3.787703037261963,0.40327966,3.2251403,376.903564453125,3.2720985412597656,4.481413046551417,10.374748229980469
241,3.508960247039795,0.9906745,7.7130566,1700.6737060546875,5.302680969238281,8.31995486543246,25.814163208007812
242,2.4546945095062256,1.417606,4.5354147,182.7481689453125,0.8375587463378906,2.644232863152414,3.3418350219726562
243,2.268462896347046,2.4161851,6.606603,71.19580078125,10.807132720947266,7.015799530716219,17.1429443359375
244,3.425588846206665,0.9472544,4.36367,73.482666015625,3.0068130493164062,6.229107400846772,15.544479370117188
245,2.846494436264038,1.5221952,7.583828,143.0426025390625,2.78179931640625,5.314985316133928,12.303604125976562
246,4.0382866859436035,0.98771757,2.8100555,391.155029296875,6.968578338623047,6.31085516638467,13.315101623535156
247,4.002083778381348,1.6515423,6.9616585,164.308349609375,0.3775138854980469,5.5406959432436835,14.106269836425781
248,4.580474853515625,1.1292028,4.8576937,37.846923828125,4.9340972900390625,7.981396807673416,20.44194793701172
249,3.709777593612671,0.6455967,1.9211044,275.71142578125,0.6055221557617188,0.7244321632954183,1.9838409423828125
250,3.267526626586914,0.6471725,3.1380808,87.2117919921875,0.14197540283203125,1.0017286852721092,1.8308486938476562
251,3.878052234649658,1.0007348,5.0545936,1552.33935546875,10.554878234863281,2.8117924257612437,12.770645141601562
252,4.214858055114746,0.71103185,2.2739928,259.433349609375,4.666107177734375,2.4139752669006285,4.121788024902344
253,2.7131807804107666,0.8530467,4.8474016,301.9693603515625,5.5567779541015625,1.7099104767742546,6.018241882324219
254,3.631761312484741,0.33539477,0.51463985,6.847412109375,6.927120208740234,0.26861429314112684,0.8648834228515625
255,2.8439674377441406,0.40896413,4.510864,6.92626953125,1.6578598022460938,2.2004707847080383,5.116203308105469
256,2.623523235321045,2.132558,4.574343,374.199951171875,11.291378021240234,6.556158788351077,15.018978118896484
257,1.1147866249084473,3.1361885,13.27253,123.953857421875,11.905412673950195,7.655503984895347,18.649276733398438
258,1.6309967041015625,2.1694763,5.8158,75.063720703125,14.272274017333984,2.4747553621564258,6.2754669189453125
259,4.095635890960693,1.1972368,6.1694717,1258.112060546875,9.667152404785156,7.47705848761559,22.13976287841797
260,3.3383164405822754,1.1858877,5.2595177,70.7412109375,9.070343017578125,7.392857051397208,17.964759826660156
261,3.3280270099639893,0.82672626,2.0328615,192.64501953125,5.383899688720703,3.3229097439036828,8.007278442382812
262,3.431859016418457,0.89567083,0.8515438,589.557373046875,6.287517547607422,1.9624584955843112,5.579551696777344
263,3.9579906463623047,0.99873525,4.2782383,23.5787353515625,2.619274139404297,1.2283046874010104,4.684715270996094
264,1.3419880867004395,1.4931897,6.118595,67.399658203125,8.701866149902344,3.9538947763133194,8.964828491210938
265,4.239594459533691,0.83658725,3.5402284,147.39990234375,1.0399551391601562,2.626523166832694,8.487518310546875
266,3.0638487339019775,1.0303603,7.6497946,216.6356201171875,4.163108825683594,3.927340377078856,8.985092163085938
267,3.7691774368286133,1.9542211,7.4661746,88.794921875,7.851039886474609,6.875417288920694,18.94963836669922
268,4.056548118591309,0.58527976,3.030147,273.86474609375,0.45086669921875,0.30106565845207456,0.7955551147460938
269,3.041140556335449,0.47096637,1.664486,70.837646484375,9.644599914550781,3.6404806242357175,7.609611511230469
270,3.5785794258117676,1.7286224,5.485793,334.998291015625,15.02231216430664,10.144179755363961,25.45830535888672
271,3.4211411476135254,0.4422966,1.5628766,418.78173828125,11.215003967285156,0.3354236903211749,1.8490142822265625
272,4.3885064125061035,0.81030005,3.0752814,84.8837890625,1.8938751220703125,1.285845011464108,7.6748199462890625
273,3.1115920543670654,0.50557804,1.8549848,9.177978515625,8.215953826904297,2.285264550988689,5.8782806396484375
274,4.084251403808594,0.55479336,2.475003,192.189453125,0.08557510375976562,1.0902041739378916,1.8775177001953125
275,4.076827049255371,0.6215498,2.6771502,378.19384765625,0.8897323608398438,0.3802680581876672,1.921356201171875
276,4.0357770919799805,0.56398034,2.495513,309.39013671875,0.7610244750976562,1.301512296984928,3.1284561157226562
277,2.3393073081970215,1.2701855,6.601273,1393.2572021484375,5.849010467529297,4.887399535200029,19.136459350585938
278,3.949899196624756,0.76081437,3.55301,148.451416015625,4.555171966552734,4.05152758753994,9.40240478515625
279,3.632160186767578,1.0690198,5.1338477,24.5263671875,9.062431335449219,5.579738469383113,13.518959045410156
280,2.66121768951416,1.3552488,8.628753,1390.533935546875,7.679229736328125,9.360101967395451,28.59192657470703
281,4.625674724578857,0.13727996,0.6867542,83.892333984375,0.21816635131835938,1.1344193901288264,2.74481201171875
282,2.6176793575286865,1.1260448,3.6075141,132.64111328125,8.10849380493164,2.120968173055502,4.921394348144531
283,2.1171882152557373,0.72017074,4.1933193,171.2218017578125,14.862384796142578,3.148270825856603,9.211669921875
284,4.002682209014893,1.3459495,4.89662,398.40478515625,3.9179229736328125,8.208779069671746,21.401382446289062
285,3.40938138961792,2.2090628,12.083712,242.483642578125,11.302375793457031,10.492545164743316,24.619049072265625
286,4.0788960456848145,0.7375092,2.0106313,228.568603515625,3.3758392333984375,0.4315562393255057,0.7288742065429688
287,3.786437749862671,0.99087715,2.2357593,1024.66455078125,0.5446624755859375,2.6919164709469783,6.158638000488281
288,4.124122619628906,0.49737087,2.040338,296.36083984375,2.989543914794922,1.0005991184634269,1.1872787475585938
289,4.01497745513916,0.96202517,1.6716157,386.738037109375,5.810016632080078,1.2706183102474782,2.840423583984375
290,3.964235305786133,0.49930084,1.1247756,109.315673828125,5.950553894042969,1.5482505402779516,3.3799591064453125
291,2.2590150833129883,2.6310835,9.3721895,889.42138671875,9.870750427246094,3.8420882609146645,7.610816955566406
292,3.945844888687134,0.6604939,1.0969131,590.307373046875,5.351463317871094,2.3591602230226236,4.6411285400390625
293,4.147763252258301,0.24185894,0.9741097,52.8519287109375,0.7328529357910156,1.397110567473888,2.79132080078125
294,1.8225431442260742,1.1766949,2.636992,106.376953125,10.09170913696289,3.349748746815706,9.34149169921875
295,3.4737155437469482,0.9579169,4.4017572,198.5928955078125,3.0264816284179688,3.1843201678335262,6.364067077636719
296,4.158967971801758,1.6318973,5.2041416,371.323486328125,4.7870635986328125,6.009967498657147,14.285842895507812
297,3.4956512451171875,0.51797354,1.193813,44.189697265625,6.112640380859375,0.6281983428242697,2.5857391357421875
298,3.6871631145477295,1.3126354,3.4831467,1371.0716552734375,3.017498016357422,8.267055344960117,23.974205017089844
299,3.1354472637176514,1.393129,4.5112114,522.060302734375,0.9209709167480469,1.2080792399235385,2.7251968383789062
300,3.8946549892425537,0.36022392,1.2567861,44.234619140625,17.9622802734375,0.2943287009432396,0.2241363525390625
301,3.4208085536956787,1.5986013,7.338181,336.0283203125,4.349979400634766,6.674237391852358,16.920242309570312
302,3.871063232421875,0.40092874,1.2077025,159.342529296875,5.120922088623047,1.8619360019579112,4.227073669433594
303,3.7116055488586426,1.4451121,5.180737,62.803955078125,5.372577667236328,7.794648486394443,18.942718505859375
304,4.418413162231445,0.29510745,3.6719358,81.134765625,2.806995391845703,4.997136544069765,12.205253601074219
305,3.1367106437683105,1.0142264,2.150226,114.98583984375,11.250556945800781,2.049946197456137,5.279754638671875
306,3.5987863540649414,0.5404071,2.7846606,106.8668212890625,0.9494285583496094,1.147962494788647,3.1542205810546875
307,3.308096170425415,0.53272694,0.81273276,23.55419921875,8.845561981201172,3.047264117193489,6.238624572753906
308,3.7443583011627197,0.7385766,1.9227179,415.537353515625,4.150608062744141,1.1980325686446065,1.0113677978515625
309,4.200360298156738,1.1124226,3.8621552,312.162109375,1.0191307067871094,5.212855302578458,12.586380004882812
310,4.555063724517822,0.23140538,0.76822007,51.529052734375,3.2229537963867188,0.26502118373371886,2.8826675415039062
311,2.79416561126709,1.6619349,5.060793,250.492919921875,16.326305389404297,5.120792727378543,11.765617370605469
312,3.3722586631774902,0.83232754,2.8141184,152.58251953125,0.44957733154296875,0.45391012332956393,2.9134292602539062
313,3.4781699180603027,0.69024634,1.289525,93.953369140625,12.133522033691406,0.3701344387333947,0.4964141845703125
314,3.3326938152313232,1.2196306,6.4267635,1417.1141357421875,4.383998870849609,6.00446172851041,20.146392822265625
315,3.020707130432129,1.2626222,6.533877,179.238525390625,9.54559326171875,5.126047613028032,13.387832641601562
316,4.341671943664551,0.50940555,2.16927,55.0302734375,3.9585418701171875,0.8342175652374273,3.1562271118164062
317,3.6156060695648193,1.1618322,6.748645,1428.014892578125,1.7549018859863281,5.234069072397997,19.665817260742188
318,3.430328369140625,0.5212486,0.6674871,27.249755859375,12.30987548828125,0.3377105601432717,0.8502349853515625
319,4.500368118286133,0.44467404,3.7568202,316.726318359375,5.430583953857422,1.0483506289452222,4.34637451171875
320,1.756190538406372,3.0137386,6.4607005,1078.6220703125,8.064369201660156,5.699936994510448,14.945381164550781
321,3.8937437534332275,0.68978786,1.0320554,332.185791015625,4.987224578857422,4.602623845230092,8.047843933105469
322,3.8876755237579346,1.7299811,5.833478,112.795654296875,7.359111785888672,8.140874849652661,20.367660522460938
323,3.509052276611328,0.6022136,3.0739722,61.04541015625,0.6634140014648438,2.5792198060014293,7.550514221191406
324,4.39175271987915,0.5127433,2.7009094,107.156494140625,4.093189239501953,1.6534749014869163,6.184226989746094
325,3.3943707942962646,0.62306505,3.0492244,310.69580078125,2.8384780883789062,0.7180863631905225,1.3318405151367188
326,3.260169744491577,0.49803457,1.7208356,306.4522705078125,3.4059982299804688,1.7038698386028202,4.87152099609375
327,3.1734416484832764,0.8781001,3.0069978,365.28857421875,3.1013717651367188,4.404132312743389,10.537986755371094
328,4.159805774688721,0.8314827,4.383976,657.679443359375,2.1480064392089844,4.780549056086663,9.787025451660156
329,3.658597469329834,1.0426989,2.4246671,207.423828125,3.6577377319335938,3.3664040334714365,7.365447998046875
330,2.3396260738372803,1.2165953,6.0236425,308.7398681640625,0.3035087585449219,0.7784712155505318,2.8321456909179688
331,1.1125599145889282,4.1628885,16.12414,154.81494140625,12.131370544433594,11.600470184491034,29.568336486816406
332,4.174760818481445,0.42853722,2.8061538,21.491455078125,1.2063255310058594,0.6315851436857542,1.1657180786132812
333,2.1026339530944824,0.7274,2.6140332,67.418212890625,3.7644119262695312,0.8847168918105766,3.235809326171875
334,2.5751867294311523,0.98185134,3.1916714,55.0762939453125,1.2434806823730469,2.0501171331955987,4.255653381347656
335,4.379823684692383,0.31614247,1.3886629,42.453857421875,0.6717033386230469,0.8323635613200437,2.242889404296875
336,4.506307125091553,0.44005683,2.000636,31.410400390625,2.477588653564453,5.031108544442333,11.747428894042969
337,2.4485061168670654,2.4112785,11.413229,267.31640625,16.095882415771484,8.40491687982755,21.443740844726562
338,3.0307040214538574,1.1647741,6.0619445,1839.50048828125,7.115379333496094,6.385696110260735,21.171798706054688
339,4.04396915435791,0.4475876,1.7514595,191.982666015625,0.9307060241699219,4.8213807908698065,10.651222229003906
340,2.879105567932129,1.3226289,3.8007088,180.776123046875,9.19497299194336,2.8547534375949155,11.025680541992188
341,3.6190478801727295,0.41819248,1.4484701,102.61376953125,6.4041900634765625,2.709744004809586,6.950775146484375
342,2.4706695079803467,1.5260338,4.3122163,342.607666015625,9.455944061279297,0.9033259066506822,2.4994888305664062
343,4.520105361938477,0.40866897,0.7261762,84.03173828125,0.4872550964355469,0.7773044131855578,1.0677947998046875
344,2.770263433456421,0.9751303,5.1144257,241.5216064453125,1.1726951599121094,3.921361169831698,9.501419067382812
345,3.904557704925537,1.0089439,4.2698593,602.19677734375,1.3862152099609375,0.32315919533863635,0.6036376953125
346,3.4860596656799316,0.99000376,5.2830596,438.7412109375,7.862030029296875,9.231426997096452,21.22429656982422
347,3.2490198612213135,0.43009722,1.823418,188.8822021484375,1.4502334594726562,1.4772907099393606,3.7326889038085938
348,4.14834451675415,1.1880485,3.8645725,685.662841796875,4.401859283447266,6.582437981974678,13.921310424804688
349,4.537388324737549,0.23385115,1.0542752,84.88818359375,1.0054779052734375,2.3711609022671816,5.389152526855469
350,4.085195541381836,0.4677787,1.6240373,290.422607421875,7.47021484375,6.24650243661155,13.949714660644531
351,1.8476855754852295,1.9595041,7.276361,118.2752685546875,8.982776641845703,4.437676110439298,9.9320068359375
352,3.464653968811035,0.96119,6.3315773,26.1895751953125,2.8604965209960938,4.202876297986766,9.558914184570312
353,3.7523701190948486,1.2385483,6.607835,1772.361328125,4.297691345214844,5.500452316861228,19.827613830566406
354,3.0582053661346436,0.7706768,1.9727249,254.843017578125,5.269161224365234,5.222827916633946,10.051643371582031
355,2.422600030899048,1.3032931,6.004376,24.2630615234375,6.300102233886719,4.068537438856705,9.029579162597656
356,2.59749174118042,2.0032308,3.0449915,58.18603515625,7.731777191162109,4.629110725137068,11.631805419921875
357,4.514984607696533,0.16739857,1.7403619,9.0673828125,2.7421836853027344,2.1418986268196143,4.2156829833984375
358,3.2411158084869385,1.2942568,6.884922,1381.5946044921875,14.686525344848633,4.888036864002025,18.943496704101562
359,3.427060842514038,0.91774106,5.996992,124.4034423828125,4.8513031005859375,4.828031844896511,11.056694030761719
360,4.03782844543457,0.28758076,3.2635443,130.2017822265625,0.31949615478515625,0.0230676185962011,0.35467529296875
361,2.714775800704956,1.6898788,4.5123944,131.1585693359375,5.768531799316406,1.9647172411050917,6.007896423339844
362,3.126023769378662,2.6250954,12.06972,759.1875,9.23391342163086,6.780471172097755,15.244117736816406
363,3.1991047859191895,0.53131,1.0561913,17.767822265625,7.022697448730469,1.6441439531455408,4.463905334472656
364,4.413968086242676,0.42189136,2.5105958,87.5162353515625,2.884845733642578,2.4642983273264747,7.1003875732421875
365,4.158817768096924,0.4262215,1.5541929,88.018798828125,2.6725921630859375,0.8244786005971818,2.3305740356445312
366,2.8513009548187256,1.423035,2.6559525,678.576416015625,13.220832824707031,2.315158458661898,3.34136962890625
367,2.616621255874634,0.8834993,3.9184003,259.9736328125,2.681560516357422,1.7348465809454794,3.3790206909179688
368,3.971217393875122,0.6776208,3.5578825,352.56787109375,5.024513244628906,1.3759718831252528,4.223518371582031
369,3.09356689453125,0.4630768,1.2843723,197.20068359375,9.090843200683594,0.27213969152846573,0.30893707275390625
370,4.017544746398926,0.48733523,1.5241435,37.987548828125,3.3270721435546875,3.866701964142891,8.465423583984375
371,2.397570848464966,0.6389412,1.3821275,256.63818359375,9.88814926147461,1.7519939973783423,5.2211456298828125
372,3.5828747749328613,0.7059931,1.2523875,830.529052734375,16.715648651123047,1.5767457443152324,2.5233230590820312
373,3.109088659286499,0.8694284,1.5631962,538.621337890625,7.682567596435547,4.4427192244605855,9.206916809082031
374,3.6503758430480957,0.36471996,1.248512,157.2119140625,6.709766387939453,1.6300096178453813,3.9973220825195312
375,1.9226893186569214,1.5659627,5.919465,238.806396484375,3.3436737060546875,1.4344288887173917,3.0209121704101562
376,2.268334150314331,0.886847,3.6037874,77.483154296875,4.726757049560547,3.089830891643018,7.155708312988281
377,3.112560749053955,0.66184926,2.5854745,557.9267578125,4.555957794189453,2.138764676732613,6.4574432373046875
378,4.256414413452148,1.2371988,2.5471911,204.525634765625,1.4517593383789062,5.820469119634989,15.394630432128906
379,3.0510780811309814,0.7214373,1.2620349,74.42236328125,18.327781677246094,0.411252232546353,1.056182861328125
380,3.439771890640259,1.1977369,5.199114,1668.4786376953125,1.6414299011230469,5.222244518321414,17.982826232910156
381,3.865912437438965,0.38364792,1.5736604,50.6767578125,6.045001983642578,1.4102093238070879,3.8975372314453125
382,4.581419944763184,0.83053666,4.429178,63.0751953125,0.018917083740234375,5.88398017362287,13.878021240234375
383,2.5834290981292725,0.74411625,1.0856241,25.98095703125,6.408962249755859,1.3740204188414715,3.843841552734375
384,2.245861768722534,1.6414962,6.049477,45.26806640625,14.085193634033203,6.805843196720591,16.049827575683594
385,4.181346893310547,0.3382212,0.6554142,5.126708984375,1.7816200256347656,0.9188299040159826,1.9641876220703125
386,4.070863723754883,1.2274183,8.241776,1489.4715576171875,4.4181671142578125,6.623626925550948,22.135581970214844
387,3.7422053813934326,0.5219232,1.7220533,151.295654296875,5.491428375244141,2.74921392623758,7.593910217285156
388,4.086320400238037,0.69713205,1.6142136,293.876220703125,10.586029052734375,3.026066600893465,8.815620422363281
389,3.4568910598754883,0.7594972,1.9551222,39.561279296875,3.3276214599609375,0.32540659165931274,0.18245697021484375
390,3.14036226272583,0.96871406,1.3880599,28.02978515625,6.508640289306641,0.32752228045514187,0.9705047607421875
391,3.7918975353240967,1.1111407,4.7335634,1077.938232421875,2.4873504638671875,6.213602915944438,17.702491760253906
392,3.2077620029449463,1.272839,6.964095,1531.860595703125,13.245857238769531,5.759818335553788,20.018783569335938
393,1.0830979347229004,3.836792,11.789974,238.3922119140625,20.595802307128906,5.313734954889259,14.145709991455078
394,1.1615164279937744,3.853974,16.54404,400.336181640625,14.45077133178711,9.638128222894995,22.605361938476562
395,3.1528186798095703,0.7456618,2.7423813,303.4453125,6.320701599121094,2.40787711836316,5.482177734375
396,2.590595006942749,0.60278213,1.2619945,143.51513671875,12.415790557861328,0.0582714814383003,0.6768646240234375
397,3.0827109813690186,0.47298813,2.2445338,46.9049072265625,0.7702369689941406,0.005411814378803115,0.31244659423828125
398,3.941840887069702,1.5569248,4.615797,670.67626953125,3.8366737365722656,3.311313480013137,7.2704925537109375
399,4.221092700958252,0.6302263,5.40968,528.0255126953125,2.696094512939453,5.167182949714693,8.793403625488281
400,3.3056437969207764,0.63922787,2.487518,569.85205078125,8.294418334960938,2.3114955174954694,6.098884582519531
401,4.178013801574707,0.9834814,3.3548357,84.268798828125,3.351757049560547,1.324781339406087,3.1110687255859375
402,3.5142221450805664,0.44714442,3.505391,115.4688720703125,8.323753356933594,3.3192422133680637,6.836418151855469
403,4.187350749969482,0.26444757,1.3067546,79.7215576171875,2.943634033203125,0.36263383048003206,0.002044677734375
404,2.186278820037842,1.5837578,2.557681,1045.60205078125,0.3914947509765625,4.077321870147156,7.701606750488281
405,2.5537619590759277,1.0253934,2.0068512,184.888916015625,8.295623779296875,0.2268389823687471,0.0367889404296875
406,4.5080766677856445,0.22108336,1.3831549,55.7540283203125,0.39490509033203125,0.5535231348505825,0.5719146728515625
407,3.137066125869751,0.5534386,1.023402,96.1923828125,5.506679534912109,3.7262043070407813,8.358268737792969
408,4.4573564529418945,1.3046528,7.1369867,118.4080810546875,5.2768096923828125,3.1781134270368163,8.77020263671875
409,2.535109043121338,0.7956976,1.4450576,48.6640625,9.345283508300781,0.6732296560711859,0.2774658203125
410,4.191931247711182,0.28960168,1.8708322,19.1251220703125,3.828521728515625,1.9311902999051185,4.859649658203125
411,4.393337726593018,0.41579285,1.810591,7.371826171875,2.6843185424804688,3.1680269108694183,7.334625244140625
412,4.151304244995117,0.3533977,2.404548,75.1004638671875,3.800140380859375,0.8142813611062714,1.435089111328125
413,4.003568649291992,1.216025,7.088933,1552.0406494140625,5.873573303222656,10.147603261057895,29.576431274414062
414,2.429722785949707,0.6486153,2.1037471,211.322265625,0.0068511962890625,0.4085114210051799,1.6074295043945312
415,3.4813172817230225,0.71759844,2.078694,387.25390625,6.070743560791016,3.33115847685621,9.1357421875
416,4.116903305053711,0.70936924,2.494091,206.264892578125,3.3868408203125,3.759034693782965,9.400871276855469
417,3.6047756671905518,1.622785,8.920602,97.603515625,5.225738525390625,5.756159068827376,14.427318572998047
418,1.1620752811431885,3.8150074,11.748518,263.930908203125,18.361732482910156,5.063846710292335,14.785987854003906
419,2.5161890983581543,1.144894,8.413899,219.0111083984375,4.993099212646484,0.3127564578177129,2.5699539184570312
420,3.0126535892486572,0.7191825,2.4459445,374.8997802734375,9.43642807006836,4.2034824493983685,11.335357666015625
421,3.0572187900543213,1.2517835,7.025584,258.01318359375,11.08978271484375,3.5991891720580647,9.869953155517578
422,2.9181551933288574,0.4608042,1.9262933,94.48388671875,1.5271568298339844,1.4959580983668204,3.246795654296875
423,4.0781474113464355,0.24005951,1.1692002,37.9796142578125,0.6260604858398438,0.9827884098907589,1.6366195678710938
424,3.62233304977417,0.5285599,3.7588491,403.07177734375,5.131275177001953,4.83503870073908,11.632675170898438
425,4.205909252166748,1.1065546,3.8193521,137.619384765625,2.377391815185547,4.908954127874978,12.690834045410156
426,3.4311540126800537,1.9993583,8.009197,50.214111328125,12.829509735107422,11.340979353292614,27.172378540039062
427,3.1128652095794678,1.7460858,7.7492704,109.8603515625,11.652080535888672,4.193805828777748,10.445304870605469
428,4.1080803871154785,0.5386561,2.363769,17.620361328125,1.911773681640625,4.285879724954455,9.695594787597656
429,3.5217490196228027,1.4954523,4.2076645,415.405517578125,6.977916717529297,7.4883576825118645,17.947357177734375
430,2.8733582496643066,0.6558028,1.429345,7.234619140625,12.628398895263672,4.005767214695439,5.77056884765625
431,4.166363716125488,0.38175955,1.2296796,45.7705078125,2.083354949951172,0.387391719761947,1.2777557373046875
432,4.398170471191406,1.0593914,5.0166783,53.9599609375,0.8947525024414062,5.923604266342533,14.848533630371094
433,3.7988409996032715,0.38797042,2.3195374,312.471923828125,4.188091278076172,4.228911812183345,10.663002014160156
434,3.796372175216675,0.49669853,1.8115873,100.4688720703125,5.163974761962891,4.17599033913023,10.124130249023438
435,4.006374835968018,0.6227308,2.585094,743.53662109375,0.1160125732421875,6.89058078636695,17.001731872558594
436,4.196370601654053,0.5048808,3.2155795,219.580322265625,7.969715118408203,1.7451052229212607,2.3701019287109375
437,3.7892048358917236,0.94780284,2.766433,878.660400390625,2.410511016845703,5.24964234471091,9.279869079589844
438,3.328864097595215,0.50086355,1.4869119,72.588134765625,8.014762878417969,0.9604811483095901,2.183868408203125
439,3.0292117595672607,1.2581446,9.108563,1484.858154296875,6.348613739013672,7.275796280955209,24.28441619873047
440,2.453174352645874,1.6676201,4.7839193,49.417236328125,4.888545989990234,1.9235472513756982,4.6362457275390625
441,3.0956287384033203,1.3448747,2.598342,596.300537109375,7.456272125244141,2.2782384315316513,4.903327941894531
442,2.5812795162200928,2.5714133,7.0453806,916.980224609375,7.721038818359375,3.7439981602299532,9.187957763671875
443,3.063009262084961,0.85867244,1.2049294,187.64306640625,13.994983673095703,0.5197843739170231,1.2542266845703125
444,3.4176669120788574,0.48908743,2.354349,84.3291015625,7.428535461425781,4.121316954847064,10.061943054199219
445,2.8766133785247803,0.54113495,1.4532633,204.160400390625,3.311725616455078,3.573937303277148,8.063346862792969
446,4.3713812828063965,1.3125842,6.1445346,26.902099609375,7.780857086181641,11.315291556150619,27.02606201171875
447,1.8642268180847168,2.3831923,7.696347,25.4345703125,16.605192184448242,7.568120530403565,19.412193298339844
448,3.7670862674713135,1.4192376,4.1814356,178.152099609375,10.451663970947266,10.40388050261609,23.411300659179688
449,1.0864964723587036,3.6579742,16.01562,15.6171875,17.395238876342773,7.302911757693973,21.169692993164062
450,4.0515217781066895,0.71450096,3.2057545,303.44140625,1.4095268249511719,1.7488107040912624,3.3238677978515625
451,3.0101840496063232,0.7571952,4.9201984,706.190673828125,3.8653602600097656,4.9301768519164355,14.039108276367188
452,2.2062361240386963,1.3561302,9.14799,1625.292236328125,10.79306411743164,6.946076524843377,23.09112548828125
453,3.520312786102295,0.7110227,2.1483274,74.098388671875,1.8884086608886719,1.9509690400842068,2.83642578125
454,4.014594078063965,0.29802266,1.4101766,205.53125,3.918201446533203,5.848841670841967,12.730361938476562
455,3.836857557296753,1.1130453,2.5257485,236.4759521484375,1.3192405700683594,3.109016795015826,7.4631195068359375
456,2.139309883117676,0.8322256,3.2752936,121.1925048828125,0.8113250732421875,1.0250057939011512,2.1527099609375
457,3.1258556842803955,1.6610961,8.899172,75.735107421875,3.841827392578125,8.054699781707502,19.80630111694336
458,4.504544734954834,0.47008446,1.9916284,314.232666015625,0.08566665649414062,1.5725956693686953,4.019996643066406
459,3.7599539756774902,0.92797536,4.060706,181.1669921875,1.8465423583984375,0.6891363285975274,0.3455963134765625
460,2.653230905532837,0.71843654,4.9102936,254.917724609375,3.5102386474609375,0.02582809855978141,1.2959518432617188
461,3.19122314453125,1.2336576,3.8079677,82.95654296875,6.897499084472656,3.185470537148607,9.218368530273438
462,3.159273624420166,0.9446351,1.5516229,477.04296875,7.428478240966797,1.92880531066411,3.4626388549804688
463,3.2643091678619385,0.84458756,4.67721,236.3350830078125,12.383636474609375,3.8834734529213115,10.211235046386719
464,2.4778192043304443,1.6763515,5.3277555,262.5035400390625,10.430912017822266,1.9120382662010833,4.45843505859375
465,1.4279844760894775,3.2644253,10.718088,226.01123046875,12.56163215637207,6.992314118302264,15.997749328613281
466,1.1941879987716675,3.039868,8.5543375,157.6102294921875,8.906978607177734,3.3935227001740493,9.399269104003906
467,3.589529275894165,1.2104828,4.9808383,857.61572265625,0.7280960083007812,5.272101352266798,17.20380401611328
468,1.0286177396774292,4.159655,17.747177,495.0135498046875,10.316946029663086,8.4258364856218,20.86468505859375
469,3.13095760345459,1.9200286,11.832002,11.473388671875,7.156932830810547,7.348812624245728,17.35462188720703
470,3.4181060791015625,0.70520115,1.0943412,48.7392578125,8.042865753173828,1.2662500135522805,3.8412628173828125
471,3.692960739135742,1.0483679,3.2793725,460.497802734375,5.448814392089844,5.855691836909827,12.681541442871094
472,3.1295650005340576,0.5207627,3.552088,67.91845703125,3.9918899536132812,3.7519899543308455,8.577903747558594
473,3.949069023132324,0.5014031,0.5674938,375.38232421875,2.226024627685547,2.9540084171551335,4.8313140869140625
474,2.277730941772461,1.2254835,2.5601075,16.12646484375,8.981685638427734,1.5751455188605732,1.893310546875
475,4.236588954925537,1.0173404,7.1590133,55.1162109375,2.54425048828125,4.99708524129942,11.482536315917969
476,4.120965003967285,1.3323332,6.4976215,1513.0009765625,13.62210464477539,13.549666476262455,39.04553985595703
477,2.1376001834869385,2.6460657,11.643795,491.580078125,8.106155395507812,8.2601949771229,18.894065856933594
478,3.957972288131714,0.94727486,3.3742814,329.6705322265625,2.5827178955078125,5.330477744281968,10.461189270019531
479,4.162856101989746,0.61982864,4.1273766,207.810791015625,2.0872230529785156,3.663407261356987,8.860176086425781
480,3.447751045227051,1.103278,2.52463,440.895751953125,0.70166015625,3.3803983148652996,5.538887023925781
481,3.8484203815460205,1.0860969,4.352926,61.1396484375,1.6009063720703125,6.704694572691725,16.114791870117188
482,3.6593518257141113,0.60172004,2.4956877,47.7349853515625,2.3204917907714844,1.9031572201299127,5.5547332763671875
483,4.322048187255859,0.84142685,3.1529057,240.3046875,2.718158721923828,1.3233681368280052,2.3293991088867188
484,3.1595730781555176,1.6406826,6.8022904,135.1142578125,7.986732482910156,8.889005853583878,20.71717071533203
485,3.8379507064819336,1.0349802,3.073685,292.779296875,5.166820526123047,5.120199305435353,10.744659423828125
486,4.120607376098633,0.4024128,0.62408864,144.9853515625,5.486488342285156,1.1013485482795744,1.939239501953125
487,3.91546630859375,1.1516665,4.546592,1506.36962890625,4.353038787841797,6.9172752958707555,22.148223876953125
488,2.440185546875,1.5901856,9.749421,136.501220703125,14.387491226196289,6.038528527138883,13.503646850585938
489,4.177762985229492,0.6449695,2.573875,13.033935546875,0.013553619384765625,5.358592151745082,12.626556396484375
490,3.0960021018981934,0.79031706,2.419881,107.531005859375,7.712882995605469,2.0899637513180096,5.5653533935546875
491,2.6311657428741455,1.4929247,4.6680446,25.65185546875,12.191864013671875,5.7145127201607515,13.101646423339844
492,3.9269652366638184,0.44646707,2.2616835,238.14404296875,2.1663551330566406,1.462876917080436,3.4601669311523438
493,3.438913106918335,0.6685483,3.0296025,123.5418701171875,1.1315155029296875,2.501625817976862,6.288978576660156
494,2.4975855350494385,1.5369865,6.1562696,1.545166015625,16.90483856201172,5.687715232002944,13.625999450683594
495,4.084497451782227,1.0109501,5.2611265,1650.415283203125,1.6319389343261719,6.396925647819113,16.436012268066406
496,2.8723533153533936,2.5515525,10.644065,168.496337890625,10.945789337158203,11.534531496190837,28.83367156982422
497,3.9174320697784424,1.4957064,3.3402736,619.94580078125,4.545330047607422,2.940260578047404,5.54071044921875
498,1.0987012386322021,4.126864,15.719137,268.056884765625,22.839702606201172,9.586800940871974,28.285564422607422
499,2.3749947547912598,0.93591285,2.2353628,31.67041015625,9.368858337402344,0.8439581433820962,2.1036605834960938
500,2.828901767730713,2.710656,12.3306,98.258056640625,16.024089813232422,10.66846225719232,26.993911743164062
501,3.463438034057617,0.7012239,2.8728843,280.31787109375,7.210723876953125,1.9462176880837383,6.286430358886719
502,2.633599281311035,1.0964009,5.791829,76.3682861328125,1.9550514221191406,3.3205529189980396,7.463325500488281
503,2.960292339324951,1.0323011,7.40719,1724.7366943359375,1.2059249877929688,2.7220069819070467,11.404304504394531
504,4.580505847930908,0.33434176,1.2366903,33.261962890625,0.7596549987792969,1.4041883014943153,3.4646530151367188
505,3.347348213195801,1.2068888,3.5093098,36.62158203125,6.13824462890625,0.21744348757447085,4.20916748046875
506,4.000871658325195,0.82512134,3.9529655,200.03125,0.7813644409179688,5.249717985479965,12.640716552734375
507,2.675034284591675,1.9019575,5.980477,223.695556640625,6.615566253662109,4.040259910791303,9.909076690673828
508,3.7002272605895996,1.2502027,2.5891585,817.34765625,3.2493972778320312,4.0729225031662715,8.875015258789062
509,3.9640984535217285,1.212412,5.4972377,133.34765625,8.52566909790039,6.831831347726428,16.209701538085938
510,3.953470468521118,1.0424004,2.6706512,60.788330078125,6.348514556884766,2.6597459065985447,5.894744873046875
511,3.7448458671569824,0.7964377,3.7187514,361.261962890625,6.521812438964844,7.865736808637134,18.193679809570312
512,1.1716840267181396,3.5571346,12.159537,667.24169921875,15.431596755981445,8.224600766342348,20.776851654052734
513,3.971728801727295,0.9109877,3.1106496,205.814697265625,8.493972778320312,2.608375919496723,5.661643981933594
514,4.078786849975586,0.52878904,1.0815742,86.748291015625,8.00830078125,1.7554648201759449,3.803680419921875
515,2.5414371490478516,1.169784,6.608272,167.1036376953125,2.1129226684570312,3.904475425320552,8.805305480957031
516,2.362196445465088,0.6185012,1.2098007,222.5322265625,5.524112701416016,0.5135031034046413,1.3991851806640625
517,3.8160557746887207,0.49255243,1.6060588,240.67724609375,2.0451622009277344,3.0051960533050632,7.6463470458984375
518,4.395961284637451,0.6609284,1.1400303,794.4384765625,2.2902793884277344,0.7717688972352761,1.2064666748046875
519,4.476218223571777,0.26989594,0.8117771,61.40869140625,0.3751029968261719,0.3140367483360791,0.5147476196289062
520,2.8593037128448486,1.4733194,7.0752354,59.7628173828125,9.502056121826172,5.011793680144855,11.761367797851562
521,3.3308188915252686,0.8177433,2.3744116,399.228271484375,4.691112518310547,0.699482624738657,2.25177001953125
522,1.8352868556976318,2.2218442,5.9008245,320.8115234375,7.841579437255859,3.641064111547678,8.130699157714844
523,3.230457067489624,2.2205336,6.7774315,7.186767578125,8.002998352050781,9.534132475974268,22.4302978515625
524,2.3420989513397217,2.8689024,10.236116,2.54345703125,14.118461608886719,9.095348289039222,24.332122802734375
525,3.572122812271118,0.47687414,1.7288009,69.39208984375,4.167255401611328,4.754154533733459,9.900184631347656
526,2.8378469944000244,1.4153658,4.5350833,185.451416015625,15.515289306640625,0.7864604571227218,9.275741577148438
527,4.232980728149414,0.57049453,2.3829968,136.44580078125,0.25555419921875,5.34598699875913,11.971427917480469
528,4.129557132720947,0.4673034,1.4140078,203.656494140625,1.4094123840332031,3.0027474915399814,5.788169860839844
529,3.6325440406799316,1.0768656,7.060299,406.558837890625,4.053497314453125,12.679885418952,29.263778686523438
530,3.80783748626709,1.1216707,3.5152802,696.086181640625,2.1878013610839844,2.2515762199516587,6.759765625
531,1.4300868511199951,2.3130255,8.459573,99.3427734375,11.614448547363281,2.9563979537673717,9.81231689453125
532,3.7586846351623535,0.5463115,1.4563427,76.63232421875,7.874935150146484,2.0875628557755483,3.49420166015625
533,3.7198894023895264,0.5327963,3.9880538,279.4453125,5.833168029785156,1.6364261590201785,5.268409729003906
534,2.08012056350708,0.82980365,2.198138,3.765625,8.881656646728516,1.5405673243362656,4.421363830566406
535,1.2340021133422852,2.7848015,8.770611,96.764892578125,11.068294525146484,5.750624571780559,13.1729736328125
536,3.7525978088378906,1.0824771,2.5927796,451.1240234375,7.797393798828125,0.8666856531740876,3.5234527587890625
537,4.419764041900635,0.79432726,4.4087906,84.58251953125,1.1973724365234375,2.9635481096050817,7.664703369140625
538,3.619283676147461,0.44728312,2.3626146,144.7073974609375,1.6150321960449219,1.0939925976460074,3.183197021484375
539,4.464438438415527,0.70539147,2.0604064,99.6998291015625,0.8327560424804688,3.392808720691299,7.604454040527344
540,3.322883129119873,1.31452,3.223436,362.75537109375,8.485279083251953,1.3109470662843208,3.2842559814453125
541,2.427103042602539,0.62865126,2.6227574,210.1710205078125,3.6310386657714844,0.767858396684673,0.8680648803710938
542,3.9117603302001953,0.56106734,1.6240617,312.800537109375,4.699180603027344,0.9786874672101433,3.2077484130859375
543,3.7002005577087402,0.84069204,1.5310879,348.31591796875,8.043861389160156,0.9643737885077321,2.0325775146484375
544,3.569936752319336,0.70307016,2.045045,68.72119140625,7.803363800048828,7.520043517510306,16.847885131835938
545,4.027669906616211,0.3863442,1.5535617,79.78466796875,2.4097671508789062,2.5876873469114017,6.3846588134765625
546,3.6621034145355225,0.7810354,2.707331,28.3896484375,5.897670745849609,0.5801402755184171,3.1800994873046875
547,3.25734806060791,0.8031304,2.0160785,30.343017578125,17.470558166503906,2.211286153743746,1.2618560791015625
548,3.8701725006103516,1.0398937,4.916807,252.135986328125,5.482677459716797,6.5854731149973915,14.630615234375
549,3.741220712661743,0.3473804,0.9839743,1.87841796875,5.980587005615234,1.8893719978894374,5.353370666503906
550,2.4636499881744385,1.5140976,6.878422,35.421142578125,12.045825958251953,6.198010836106455,13.48050308227539
551,1.4102983474731445,3.3384488,10.608234,51.521484375,14.133230209350586,10.32832830806242,23.675003051757812
552,3.257767677307129,0.6198084,2.9285405,95.1402587890625,2.121173858642578,1.777779247775463,3.2185745239257812
553,3.8501951694488525,0.8075649,3.4608507,228.81689453125,3.61407470703125,5.871413235324347,13.414581298828125
554,4.425462245941162,0.20103943,0.8607405,56.946533203125,0.2809295654296875,0.5576597144265989,1.1305389404296875
555,3.088463544845581,0.5172078,1.0657961,146.967041015625,2.871265411376953,1.3644725103280848,3.4715499877929688
556,4.186531066894531,0.8030176,3.293703,394.1298828125,4.437747955322266,8.73595350366513,20.52398681640625
557,3.974503517150879,0.5849875,1.8832132,290.326904296875,0.19335556030273438,3.2992699457348955,6.4188690185546875
558,4.019959926605225,1.3007933,4.675343,1389.8287353515625,7.942390441894531,10.500487168829295,29.238861083984375
559,1.9266598224639893,1.6119121,4.898956,144.1954345703125,16.022212982177734,2.3591586871934744,7.9089813232421875
560,2.7999277114868164,0.83867455,2.403304,708.92529296875,14.831134796142578,2.8100775699726874,8.394004821777344
561,4.191309928894043,0.4862651,3.0647664,106.1634521484375,2.0196533203125,3.2055635771376743,7.14422607421875
562,4.1130452156066895,0.9561756,7.6608744,306.554443359375,9.235298156738281,9.552603320769737,21.449630737304688
563,2.023059368133545,1.376897,4.789425,140.5706787109375,6.196918487548828,2.3221509504872166,6.04803466796875
564,3.7965779304504395,1.1863878,4.466275,1298.4591064453125,0.6409225463867188,4.9528432686659905,17.811744689941406
565,2.8549747467041016,0.46952605,0.7433777,20.91162109375,14.501876831054688,1.1290306177569853,2.1147537231445312
566,4.138617038726807,0.63631153,1.7543552,601.683349609375,6.679710388183594,3.9563874326992483,9.089813232421875
567,4.50330114364624,0.24491058,1.6848855,45.70751953125,0.6074981689453125,1.5190101030452219,4.0815887451171875
568,2.9337968826293945,0.95652324,1.8726504,34.590576171875,7.164608001708984,2.5777998518859953,7.444587707519531
569,3.5842509269714355,0.6163036,4.126418,6.659423828125,3.3336410522460938,6.485639694766768,14.2559814453125
570,3.3382859230041504,2.157196,6.2378483,168.090087890625,5.5369873046875,7.468819474940897,18.701087951660156
571,4.025625705718994,0.79614025,1.5357027,639.572021484375,2.9931488037109375,3.796814830586804,7.833702087402344
572,4.385956764221191,0.8506097,3.5622733,72.398193359375,1.3426094055175781,6.410342797097805,15.667984008789062
573,3.9888644218444824,1.6359581,6.7077837,110.968994140625,7.066291809082031,8.280974352809363,19.843505859375
574,,3.5838735,15.998986,384.8392333984375,13.278911590576172,4.173660556445977,12.282367706298828
575,2.3870668411254883,1.1187515,4.183857,189.720947265625,4.589672088623047,0.9856482891938505,2.985504150390625
576,3.979973316192627,0.43687066,1.9626554,35.347412109375,2.5965652465820312,3.990857305374721,9.687210083007812
577,2.9588751792907715,0.6006214,1.4820455,195.872314453125,0.5710487365722656,1.1427873172067002,2.475799560546875
578,4.486194133758545,0.19743198,1.1451087,134.253173828125,0.9986305236816406,0.40237577779102196,1.7679290771484375
579,3.7927887439727783,0.6603994,2.704719,49.07080078125,1.6975326538085938,2.334055388130139,5.5931243896484375
580,3.9859619140625,0.72017145,2.2942593,477.75,8.968734741210938,2.1219770655987134,7.460197448730469
581,3.431138038635254,1.3116949,9.443461,1157.919921875,11.98504638671875,6.977092244338472,22.163055419921875
582,3.6157829761505127,0.64793766,4.358327,19.4503173828125,0.06887435913085938,1.1953501959125816,3.5029678344726562
583,4.216111660003662,0.51415247,1.2850897,624.328369140625,24.536788940429688,1.0976236617870896,1.8285369873046875
584,3.8918583393096924,1.6040252,4.9787507,165.069091796875,6.211078643798828,10.090435343304936,24.32549285888672
585,3.8172569274902344,1.1834985,5.9418125,1220.0782470703125,4.548686981201172,5.257088817734868,17.940895080566406
586,1.709005355834961,1.0387493,2.0410352,149.6171875,10.739604949951172,3.2784457042705455,6.9447021484375
587,3.5782904624938965,2.0413706,6.0250273,489.59765625,7.2628631591796875,1.0872849244198335,6.588066101074219
588,3.923543691635132,0.81812763,3.8043187,174.04931640625,0.19557571411132812,6.878298613258913,15.766868591308594
589,3.7250802516937256,0.80948424,1.70978,145.998046875,17.897140502929688,1.142697731723267,3.634429931640625
590,3.371068000793457,0.754029,1.3823341,554.614013671875,1.4879035949707031,2.792817510679999,6.470588684082031
591,3.5010156631469727,0.32971805,1.8117306,156.83251953125,1.8149337768554688,1.782806487899009,4.607139587402344
592,2.923611640930176,0.52203774,1.055478,361.31884765625,9.157173156738281,0.11240700013210159,0.0746002197265625
593,2.2281768321990967,2.7690458,16.018055,154.561279296875,15.307220458984375,9.73132384838095,24.669700622558594
594,4.298812389373779,0.4618988,1.1367503,97.6435546875,2.96221923828125,0.590767285235426,1.317291259765625
595,3.960303783416748,0.38878456,2.0956564,114.0211181640625,2.3160629272460938,1.999166374503428,3.8916015625
596,4.144811153411865,0.25387135,1.1023129,127.1505126953125,0.6410598754882812,0.4365283060131624,1.1054458618164062
597,2.6466033458709717,0.7607308,2.1364942,228.757080078125,17.64569091796875,2.69949269021237,5.685150146484375
598,2.2466142177581787,0.85719043,1.9792724,202.693603515625,13.137203216552734,0.5582293544537791,2.24365234375
599,1.480790615081787,1.0847911,7.8260474,96.40380859375,6.624233245849609,3.444546277544628,7.066520690917969
600,3.455099582672119,1.191193,8.003994,1535.9654541015625,9.488456726074219,6.4729860455158,20.388656616210938
601,3.387005567550659,1.5101496,7.4885106,296.195068359375,6.163644790649414,2.2056545582506217,5.623981475830078
602,2.5524799823760986,1.6480198,9.207618,78.48583984375,5.079074859619141,2.6366603037341214,7.000762939453125
603,3.393505096435547,0.5029276,3.152504,74.75927734375,4.549644470214844,6.032058178279087,13.073005676269531
604,4.134373188018799,0.968281,4.304639,183.035888671875,0.10349655151367188,3.3150127825874804,5.488182067871094
605,3.499638557434082,0.51291627,1.4502239,403.96875,4.495521545410156,0.28101928315166447,0.7458572387695312
606,4.178107261657715,0.3692801,1.5381126,112.8192138671875,1.2582550048828125,1.357711187128892,3.0022354125976562
607,3.09980845451355,1.1069223,2.2592008,769.796142578125,1.9892616271972656,2.4585809399664917,5.253318786621094
608,4.47343111038208,0.7029731,4.174291,24.68798828125,1.1136970520019531,5.2066440482051135,12.08203125
609,3.877258777618408,1.0597432,1.6186979,581.6923828125,4.717765808105469,1.8693164740544645,2.0543441772460938
610,4.056974411010742,0.9303901,3.6344492,116.977783203125,1.3651771545410156,4.799127847467599,11.916259765625
611,3.415494680404663,0.6825277,1.9031305,247.55078125,2.7674293518066406,5.387123326051235,11.773223876953125
612,3.7812979221343994,0.732384,1.7015871,331.483154296875,3.0610618591308594,0.836827446000644,1.5230560302734375
613,3.5033211708068848,0.47331163,0.7924658,310.205810546875,12.816734313964844,0.4471758427371242,1.8141937255859375
614,4.147730827331543,0.56998736,1.4899504,44.094970703125,5.658466339111328,0.816808115960697,2.7119369506835938
615,4.273735046386719,0.628903,4.5678334,35.819091796875,3.1351089477539062,4.125760446176962,8.915245056152344
616,3.0498127937316895,1.699667,6.5789185,231.731201171875,7.671634674072266,2.251534731505018,5.1593780517578125
617,4.301064968109131,0.46772265,1.6087496,238.456787109375,2.682537078857422,3.394004368421683,8.087326049804688
618,4.016720771789551,0.61364794,2.3043509,297.92529296875,2.7458877563476562,5.0621041804912075,10.207817077636719
619,3.814478874206543,0.3032796,1.9830036,167.1063232421875,0.59228515625,2.524170500444537,6.844230651855469
620,3.3168745040893555,1.2615288,6.3830047,1474.1668701171875,3.1114845275878906,8.796332581854848,27.116371154785156
621,3.5171661376953125,0.49239698,1.7549502,115.881591796875,13.687145233154297,4.825394640285282,9.53314208984375
622,2.684424877166748,0.70186377,3.080146,178.6243896484375,1.9812240600585938,1.4135032989887186,3.4542465209960938
623,3.6941936016082764,0.25613508,2.8032534,160.9932861328125,3.3867263793945312,5.114893478262477,12.182670593261719
624,3.868980884552002,0.2931077,2.1083965,95.06005859375,2.6582489013671875,0.5416305044844449,1.2250595092773438
625,2.1466898918151855,0.96086955,4.6209955,54.543212890625,7.175899505615234,0.4019520863989605,2.5437698364257812
626,4.334818363189697,1.1945034,4.5095634,305.1806640625,1.8981742858886719,8.16552175187719,16.276145935058594
627,2.3509278297424316,0.9845775,1.8007603,294.482177734375,19.028057098388672,2.60803513102568,5.17608642578125
628,3.7873995304107666,0.52211934,1.3226554,240.60107421875,5.460620880126953,4.007833942802119,8.907752990722656
629,3.0479793548583984,1.1572427,5.5540395,63.82470703125,7.742954254150391,6.127626144274338,13.949691772460938
630,2.902082681655884,0.84728056,3.6311936,108.8326416015625,12.130626678466797,2.4675325596077045,6.601753234863281
631,3.7606334686279297,0.52504,2.762723,542.865234375,4.669727325439453,2.6225944946110467,8.16949462890625
632,3.801546573638916,0.3726038,1.8267307,328.87255859375,5.8421630859375,4.538968868235724,11.264076232910156
633,3.4295969009399414,1.0926644,5.6602583,1607.3197021484375,9.54465103149414,0.37575563953553015,7.510955810546875
634,3.320934534072876,2.0766363,8.92864,442.148193359375,8.457645416259766,4.625542411852024,9.618694305419922
635,2.455869197845459,0.9874029,2.0838094,936.552490234375,11.826412200927734,0.9781710678427054,1.6088943481445312
636,4.274828910827637,0.5673182,2.8719516,199.311279296875,0.22335052490234375,2.8330981771518395,5.458900451660156
637,4.1981916427612305,0.7619989,2.4053345,76.5126953125,7.259166717529297,0.9457161616326566,3.5673904418945312
638,3.727954864501953,1.4462949,6.7904015,75.90380859375,6.856548309326172,4.189730576821866,11.098930358886719
639,3.1659650802612305,0.69444114,5.567666,469.6043701171875,11.607688903808594,1.4168932378441959,4.672691345214844
640,3.159261703491211,1.2058825,6.1759663,1148.16943359375,11.358585357666016,2.7471130204809917,12.036598205566406
641,2.513082265853882,1.4113337,5.644409,52.9140625,6.3704681396484375,6.140725747116786,14.47100830078125
642,4.352712154388428,0.39583445,1.277788,498.724609375,0.0774993896484375,6.483350095479274,14.083511352539062
643,2.695465564727783,1.828653,7.9729037,253.429443359375,11.84234619140625,6.777728375392794,15.131134033203125
644,3.1182427406311035,0.36079836,4.1167727,36.688232421875,2.414134979248047,1.9374070313107765,3.4273529052734375
645,3.579948663711548,0.4505831,2.68998,220.5341796875,0.040592193603515625,2.0339367539945314,3.7918548583984375
646,4.528853416442871,0.3990735,1.6284652,34.125244140625,3.0927772521972656,1.4749266054457557,1.7325439453125
647,1.4610929489135742,2.9854543,17.338709,160.85009765625,10.83619499206543,7.909155203260241,20.044662475585938
648,4.427277088165283,0.35218504,0.93971,112.406982421875,4.0530242919921875,0.6662546763501318,1.4733123779296875
649,4.271763801574707,0.8720083,4.624499,118.86279296875,0.5844650268554688,6.24022330679162,15.687065124511719
650,3.6254427433013916,1.2079195,4.037402,1555.9071044921875,10.021278381347656,6.514231883169298,24.347579956054688
651,3.6416473388671875,1.067093,7.1039667,1387.5147705078125,1.3991737365722656,0.8843409881463913,4.155357360839844
652,4.385976791381836,0.9200128,3.0208373,91.2132568359375,4.913063049316406,6.234148388544185,15.0064697265625
653,4.324503421783447,0.29548824,2.375456,231.013427734375,1.3812675476074219,1.764257085651849,4.537010192871094
654,2.3829174041748047,1.3094181,4.2023773,201.0941162109375,14.04037094116211,4.490456165549027,12.156005859375
655,4.3351287841796875,1.4809011,3.3694582,22.562744140625,4.511192321777344,7.950378012378504,19.157867431640625
656,2.5262467861175537,1.0911951,2.292749,469.3857421875,11.664375305175781,0.4602687594267749,0.29276275634765625
657,3.9252920150756836,0.46046868,1.8979855,320.993896484375,3.9460105895996094,1.140206308483819,3.1447067260742188
658,4.473685264587402,0.34985217,1.1926323,14.7569580078125,0.7211494445800781,0.8520808171314123,1.9358596801757812
659,3.6402149200439453,0.5237619,1.5361601,182.94677734375,7.113670349121094,3.039367089510886,6.077384948730469
660,2.8944039344787598,2.2531822,5.668367,332.910400390625,13.297538757324219,8.608195480971734,21.771629333496094
661,4.2773942947387695,0.29146147,1.772693,114.2305908203125,0.13856887817382812,2.5359916692045914,6.1349334716796875
662,3.2355923652648926,1.1857243,8.998051,885.4825439453125,3.068775177001953,1.4131141919957173,8.926185607910156
663,3.6030383110046387,0.59046584,3.202136,686.4638671875,2.058197021484375,2.833610050953169,11.028770446777344
664,3.939967393875122,1.2105566,3.5668402,53.1572265625,0.5072364807128906,0.09639771408100373,1.0623931884765625
665,2.6828126907348633,0.561753,2.913753,10.255615234375,4.785591125488281,3.6501492412261207,7.932350158691406
666,3.5038352012634277,0.80700916,1.9303014,59.1932373046875,0.742462158203125,1.057375759954823,2.8138580322265625
667,4.210099220275879,0.7617967,3.7512112,48.7763671875,2.5220069885253906,7.463144037515679,16.94147491455078
668,4.1125664710998535,0.19900812,2.6746209,69.39013671875,1.372955322265625,1.0838128661606845,1.2941207885742188
669,3.316011905670166,0.6646183,1.671237,73.31494140625,5.8996734619140625,0.6926739212752722,0.7023773193359375
670,3.6582229137420654,1.0558971,2.9862428,1790.078369140625,8.716972351074219,0.6235394302182335,7.088035583496094
671,3.0651705265045166,1.7629123,8.003637,251.27978515625,12.432552337646484,10.511382799069029,24.769119262695312
672,4.43443489074707,0.5475387,1.3255309,103.712890625,5.065132141113281,5.327453294221794,11.050254821777344
673,3.674459457397461,0.41597685,1.7122071,96.65087890625,4.674659729003906,0.04200404025755944,1.9403305053710938
674,3.7717578411102295,0.43608424,1.8851761,69.00439453125,0.9250831604003906,0.6249261888728199,1.228546142578125
675,3.6665732860565186,0.9647694,4.0666356,66.22021484375,0.4719390869140625,6.492762576544745,15.980865478515625
676,4.446700096130371,0.4361751,1.1581508,128.892822265625,2.9554901123046875,1.6194455483392645,3.4919662475585938
677,3.7134692668914795,1.1117492,5.4520183,158.429443359375,10.272598266601562,7.56239242823197,14.826484680175781
678,4.323217868804932,1.514945,9.133757,36.90869140625,2.6884498596191406,9.953381523583865,24.157081604003906
679,3.869558811187744,0.43119407,3.1941266,231.14404296875,2.2677154541015625,5.68281574700136,12.209152221679688
680,3.6192874908447266,0.80350405,1.2320113,553.27734375,4.0559234619140625,0.6694651937984801,0.977020263671875
681,3.549503803253174,1.190272,5.835973,341.2568359375,9.023330688476562,5.351408956427679,13.339218139648438
682,3.650066614151001,0.4464202,1.6102026,115.127197265625,3.8898544311523438,2.9229731825616803,6.488365173339844
683,3.911916494369507,0.5375132,3.5988755,142.625,0.6247138977050781,6.933394038538168,16.316665649414062
684,2.3809120655059814,1.4521831,7.221234,254.4991455078125,17.8897705078125,7.436403293430008,17.758514404296875
685,2.1961233615875244,2.6871355,11.246231,594.6256103515625,8.873973846435547,4.703316443292337,10.725162506103516
686,4.442948818206787,0.64917207,2.469902,54.091064453125,2.772796630859375,3.0083818975230123,7.10980224609375
687,4.5322065353393555,1.1429737,4.490662,174.6407470703125,0.872589111328125,7.905512680583318,18.330154418945312
688,4.474156379699707,1.1035868,6.678754,4.42529296875,0.3193855285644531,7.994694456599813,20.08142852783203
689,1.3815099000930786,3.3677366,10.306428,443.000244140625,15.493682861328125,3.668493935271144,14.105072021484375
690,3.411651849746704,1.0145714,2.1248212,312.445556640625,8.845939636230469,2.3074717855231732,4.8583831787109375
691,3.33390736579895,1.1579691,8.642735,1407.836669921875,0.2635688781738281,4.241099412590618,18.317115783691406
692,3.987517833709717,0.65767604,1.1973524,328.668701171875,7.148406982421875,0.885737254337279,1.1823806762695312
693,4.380960941314697,1.1590179,6.6679387,59.515625,0.84014892578125,6.007300683021796,14.107963562011719
694,4.303522109985352,0.77964944,4.1757417,129.654052734375,5.383609771728516,3.9347515299495868,8.575637817382812
695,3.7531509399414062,0.5425021,1.0065666,424.813720703125,7.262351989746094,1.516200477842787,2.863037109375
696,4.44619607925415,0.6305333,1.0853668,153.18115234375,0.5489082336425781,1.1367931013005368,2.21502685546875
697,2.9309051036834717,1.155013,5.0035963,1654.281494140625,0.2349395751953125,1.8034782117345287,11.593254089355469
698,4.433178424835205,0.61889774,1.5264647,37.73193359375,1.6835746765136719,2.535947181731416,6.767280578613281
699,3.5340893268585205,0.44928893,3.4936528,277.53955078125,3.2807350158691406,3.746774907992073,9.64501953125
700,3.0353949069976807,1.0121757,3.9799583,116.6590576171875,5.041088104248047,2.7855547472437614,5.03338623046875
701,4.084833145141602,1.2182987,7.4491134,91.183837890625,1.6663665771484375,9.496646093796631,21.459228515625
702,3.0564301013946533,0.7852931,3.084659,539.6884765625,10.160499572753906,3.2423099890802582,8.629432678222656
703,3.8146274089813232,1.2687228,4.424902,760.82470703125,2.3896026611328125,0.26355630115327244,0.0072174072265625
704,1.1246371269226074,3.2021482,13.022696,168.8681640625,13.49576187133789,3.5332349401241494,11.873291015625
705,4.163458824157715,1.6087914,4.949199,206.361328125,2.862224578857422,5.309023347421405,13.491500854492188
706,1.266717553138733,4.2969584,19.533985,97.31494140625,12.075885772705078,11.719608091267517,32.21138000488281
707,3.9808433055877686,1.2176833,8.042131,1175.3919677734375,9.524250030517578,8.948001114544109,26.484344482421875
708,3.507897138595581,1.7771398,7.33868,134.69140625,9.9053955078125,8.59457644807901,20.125221252441406
709,3.6737990379333496,0.53712195,4.002226,692.279052734375,5.378917694091797,7.31764869589702,18.53099822998047
710,3.9350805282592773,0.32118973,2.301326,101.8924560546875,3.2814712524414062,2.155853262770602,5.263267517089844
711,3.182039737701416,0.42308092,0.91445434,91.950927734375,3.7191123962402344,3.83886976548699,7.8857421875
712,3.047309637069702,0.8904028,2.5241404,67.34375,4.0671539306640625,1.9435455138886049,4.986274719238281
713,4.284271717071533,0.38786864,3.0600078,216.42138671875,3.473052978515625,3.3179568043620336,8.536598205566406
714,2.4843149185180664,1.1401739,2.8264112,128.45458984375,14.888313293457031,2.0324636737863067,5.469352722167969
715,2.965054988861084,0.6030228,2.9685228,72.0390625,4.444602966308594,2.1492806648987006,5.450035095214844
716,3.9228720664978027,0.6635075,4.010707,421.5869140625,3.5910682678222656,0.3653804544357264,0.590850830078125
717,3.5413873195648193,1.2907906,7.5480638,1374.58447265625,12.109798431396484,8.673784086172766,26.046035766601562
718,3.976783037185669,0.9285186,4.508195,243.368896484375,6.44677734375,4.327200172558971,7.414344787597656
719,4.397594451904297,0.871634,4.336994,218.19921875,4.492210388183594,10.132130117301635,22.758010864257812
720,1.7171046733856201,1.3066783,6.4397426,1135.2962646484375,5.360263824462891,3.042776988404235,2.3801040649414062
721,3.6755690574645996,0.63353866,2.0623982,189.60009765625,2.0635833740234375,3.4063870690112417,8.489944458007812
722,4.2729692459106445,0.47853872,1.8633307,337.3486328125,1.7490653991699219,0.08900356362474682,0.9933395385742188
723,2.9116718769073486,1.3558494,6.835224,468.5908203125,7.167350769042969,6.339409504609655,16.63763427734375
724,2.1188082695007324,1.0215198,5.571782,318.2000732421875,8.007308959960938,2.5956205943850748,7.423179626464844
725,1.3069325685501099,2.9490154,9.126363,162.376220703125,12.869155883789062,11.833550185218307,29.68566131591797
726,4.544975280761719,0.23867156,0.8602255,52.5048828125,0.4379463195800781,1.3207053849854304,3.0930252075195312
727,3.1968095302581787,0.94279474,5.1660066,193.343994140625,6.9286956787109375,5.506213171975933,14.345619201660156
728,4.360501766204834,0.58481634,1.1605027,75.15673828125,1.0756568908691406,0.5046942057734292,1.44775390625
729,2.3231496810913086,0.90968424,3.7812114,154.6220703125,4.654438018798828,2.1934663371501912,4.4007415771484375
730,2.4485442638397217,1.6377314,3.6020653,422.601806640625,10.35708236694336,11.138065938771295,26.97028350830078
731,1.413787603378296,3.5990257,17.35685,101.327880859375,14.110145568847656,10.785445831857754,28.78466033935547
732,4.377035617828369,0.33713207,2.154785,68.9129638671875,1.5072555541992188,3.2171058871158777,7.769676208496094
733,3.483936309814453,0.61210054,1.2003795,210.481689453125,7.619483947753906,1.3809677932557065,2.32928466796875
734,4.057139873504639,0.8749704,3.8713014,200.627197265625,7.508613586425781,4.4711858265431985,9.752540588378906
735,3.418320655822754,0.71971244,3.5127146,540.048828125,2.5701980590820312,4.692968796096796,10.7655029296875
736,2.703434944152832,1.2277225,9.200839,1135.1944580078125,4.011852264404297,1.9182387922114685,9.130813598632812
737,1.2119102478027344,2.3446653,8.135394,238.4031982421875,8.878433227539062,3.267062823778673,8.539688110351562
738,2.1983120441436768,0.61016375,6.612472,158.462158203125,4.8872833251953125,0.27123971510958,0.03397369384765625
739,1.161540150642395,3.287899,14.933874,297.3876953125,17.791240692138672,6.451411223852464,16.19936752319336
740,3.043139696121216,0.86052555,5.9958973,242.01513671875,7.073780059814453,5.117658633144355,12.695632934570312
741,2.998413562774658,2.395649,6.243069,1199.087158203125,4.891368865966797,2.304831358931388,3.330108642578125
742,3.294558525085449,0.8596185,2.4137852,442.878662109375,1.0399665832519531,0.840615999300077,1.5854644775390625
743,2.9824109077453613,0.44874486,2.6922038,454.815185546875,3.6974220275878906,3.693752611707559,10.09906005859375
744,2.637263298034668,0.8674238,3.2112608,171.0198974609375,1.4908256530761719,0.8930398386579341,1.6665725708007812
745,4.255403995513916,0.46503925,0.99852556,364.1455078125,3.0991249084472656,5.47705492518887,9.1702880859375
746,3.1695141792297363,0.6361642,2.1129987,145.965576171875,6.326610565185547,2.2624946066492946,5.70703125
747,3.383660078048706,0.47292963,2.2260518,53.789794921875,6.654376983642578,4.868689848307081,10.538215637207031
748,2.448781967163086,2.6011455,14.213696,109.371337890625,9.676055908203125,9.268340214488994,23.532917022705078
749,3.109187126159668,1.4186587,6.937619,26.867919921875,12.063053131103516,5.643326172676311,12.343780517578125
750,3.6061670780181885,1.2112586,6.378941,1875.989990234375,14.296897888183594,6.935787540660428,22.47088623046875
751,3.650073766708374,0.6336867,5.0283036,230.49169921875,3.768848419189453,4.114493521171223,11.781013488769531
752,3.8367199897766113,1.118917,5.7296867,493.07421875,0.01934051513671875,2.8154464697015804,6.377281188964844
753,2.713252305984497,0.6956547,1.7857556,73.107421875,4.600425720214844,1.85368715318166,4.650169372558594
754,4.530456066131592,1.1717508,5.5358424,1202.9091796875,9.799850463867188,0.35806519236443535,3.8121185302734375
755,2.663668632507324,2.1206355,9.424561,203.64111328125,11.545806884765625,11.498588350862335,27.538719177246094
756,3.911651849746704,1.1616346,6.988555,1756.2894287109375,7.0664215087890625,4.934466833422501,19.665321350097656
757,3.2649636268615723,1.0833348,4.5068817,1406.69140625,0.5830497741699219,3.992597114074279,15.948944091796875
758,2.627432107925415,1.1938726,6.726323,1098.80859375,2.361572265625,2.0587168734848973,1.178680419921875
759,3.5210704803466797,2.0502481,10.116127,32.275390625,3.4220809936523438,8.134722482914736,20.002212524414062
760,2.508357048034668,0.50663763,3.6107392,64.7138671875,2.8710556030273438,1.8053647651992542,3.6633071899414062
761,2.972520351409912,1.049758,6.2817707,1707.862548828125,0.36174774169921875,0.9583333666146316,9.163673400878906
762,3.31857967376709,0.7124416,4.4741225,184.29638671875,2.7952613830566406,3.0311351612134914,7.870941162109375
763,4.457352161407471,0.7310503,2.5583036,261.1005859375,4.540870666503906,2.775212044373564,5.0943603515625
764,3.8790359497070312,0.5164008,1.5740526,674.98193359375,13.030647277832031,2.512898576725661,5.261695861816406
765,4.375344753265381,0.4196438,1.6458838,180.1636962890625,1.831146240234375,0.9487259258657943,1.6695480346679688
766,4.439481735229492,0.2939354,2.8044496,430.84814453125,1.2577896118164062,5.847474662640504,13.986160278320312
767,3.50175404548645,0.8065176,1.9137218,342.915771484375,5.434173583984375,1.1084077614188175,2.7002029418945312
768,3.166389226913452,1.2430001,5.942893,1118.9036865234375,1.089447021484375,2.476580805425929,11.962730407714844
769,4.078173637390137,0.43061343,2.531249,161.736328125,5.664939880371094,2.546717336427296,8.172538757324219
770,3.286933660507202,2.364408,8.657051,157.63427734375,4.908294677734375,9.013421433618856,23.905784606933594
771,1.9046826362609863,1.409039,7.048303,259.8597412109375,0.6760711669921875,3.8375582994003707,7.4723968505859375
772,2.956920623779297,1.039446,4.51527,208.8868408203125,7.992378234863281,3.821008853563111,7.780372619628906
773,4.492504119873047,1.2126057,7.2099285,95.556884765625,0.8884544372558594,5.420438762260591,13.535629272460938
774,4.1919331550598145,1.5744357,7.508927,201.127197265625,4.4285888671875,2.5910525900512766,9.434616088867188
775,4.294836521148682,0.88386446,2.7813466,66.049072265625,3.1964759826660156,1.6537490265212718,4.642547607421875
776,4.480719566345215,0.5051457,1.246278,97.96533203125,0.3469886779785156,0.6126517519163315,1.16094970703125
777,4.09043025970459,0.6812983,1.5586256,221.327392578125,5.360919952392578,1.0876718007810773,1.568389892578125
778,3.0875244140625,1.018517,2.179995,401.98193359375,11.515716552734375,1.822556226773255,2.658538818359375
779,4.491002082824707,0.94272107,5.618899,114.87109375,2.5494766235351562,6.945761339561752,15.859947204589844
780,4.450531005859375,0.9922845,6.128078,1.64208984375,1.8793907165527344,6.547764697950566,15.032798767089844
781,3.2705326080322266,0.8598941,2.1948662,468.267822265625,11.006446838378906,4.36702580219778,10.598258972167969
782,3.438663959503174,1.6913881,5.3401895,375.394287109375,10.987228393554688,4.945962858207551,11.364051818847656
783,3.77439284324646,0.6834889,1.3922534,572.1298828125,10.704627990722656,1.0490995391847449,2.3738021850585938
784,4.189229965209961,1.2985584,3.9595132,631.182861328125,4.942501068115234,6.167114168661488,15.129837036132812
785,4.201254367828369,0.1441775,0.659167,38.8516845703125,0.5457611083984375,1.0090639300102069,1.90478515625
786,4.602875232696533,0.46547198,1.3638422,92.7919921875,1.9908905029296875,3.554762143590164,9.531379699707031
787,2.110366106033325,0.95826167,4.06308,47.76513671875,6.934226989746094,1.6633577877042107,4.010345458984375
788,2.3115572929382324,0.9897731,2.2048936,17.4345703125,9.763118743896484,3.716770666122617,9.10772705078125
789,4.324410915374756,0.59624237,1.8157687,314.99951171875,2.3552818298339844,0.6443967086064077,0.9732742309570312
790,1.5500165224075317,3.4467716,15.410205,108.716552734375,15.978975296020508,13.323746880132173,32.618019104003906
791,3.71170711517334,0.6031468,2.370239,74.809326171875,5.861335754394531,7.528400261051669,16.530174255371094
792,4.243570327758789,0.45893297,1.3211045,25.25830078125,0.9769439697265625,2.7368590598982614,5.111228942871094
793,2.7584924697875977,0.6545661,3.1643693,137.711181640625,2.5640029907226562,1.824066519080322,3.9017105102539062
794,1.6064255237579346,1.131105,4.829398,59.7515869140625,1.7120246887207031,1.6343187626617421,5.468299865722656
795,2.9969213008880615,1.922451,8.880596,87.35107421875,4.530834197998047,4.363617277344218,10.560661315917969
796,3.39479398727417,0.8707504,4.2160335,10.2174072265625,9.1041259765625,4.114273519669062,9.154594421386719
797,3.519334077835083,0.66694075,1.8996828,498.757080078125,1.3478851318359375,4.7215294527281735,9.663627624511719
798,3.8579094409942627,0.3220574,1.005429,46.09326171875,7.201606750488281,2.6560550532349687,5.6973114013671875
799,4.0990471839904785,0.84405965,4.826164,106.9986572265625,0.6757888793945312,5.685186123137992,12.598251342773438
800,1.9059453010559082,3.2300625,18.096321,270.5078125,16.582286834716797,12.891437251442522,32.035980224609375
801,1.8166203498840332,2.0810947,9.915618,240.87548828125,16.871074676513672,5.864834108660553,14.884071350097656
802,3.89752459526062,0.5286101,1.4841079,551.734130859375,7.633934020996094,2.16963224474258,5.589454650878906
803,3.4644036293029785,1.5822793,3.4760718,1033.6279296875,4.701343536376953,3.065816159123056,6.3261871337890625
804,1.9030158519744873,3.053736,15.167485,151.714111328125,14.458816528320312,10.727970247178423,27.16838836669922
805,1.9606366157531738,2.5422194,7.9041495,169.0433349609375,11.970165252685547,4.746441715115928,10.882339477539062
806,1.197928786277771,3.2077472,10.468458,204.6826171875,11.815616607666016,6.850585723639334,17.06326675415039
807,3.123025894165039,0.48089576,1.0739278,67.01806640625,9.202972412109375,1.8517846462003895,3.9505538940429688
808,4.11042594909668,0.8153124,1.758997,38.73388671875,3.3492774963378906,0.2200043042326243,1.8763275146484375
809,2.681763172149658,0.70121306,3.0969121,98.0633544921875,1.3868980407714844,0.5421752327193659,0.916168212890625
810,2.081456184387207,0.97489804,6.0522103,85.771728515625,5.936958312988281,1.5323314416290899,4.3182830810546875
811,4.280478477478027,0.35787153,1.6018026,35.483154296875,3.028118133544922,3.8194733603166355,8.046615600585938
812,2.484975814819336,0.8532967,2.2996016,487.047607421875,2.3532676696777344,1.683163815823896,5.2863006591796875
813,4.303136348724365,0.697231,2.7166324,286.657470703125,4.3581085205078125,1.4542212349138595,2.6898117065429688
814,1.1587738990783691,3.1423085,13.417671,521.7784423828125,13.147262573242188,3.9270715561326064,9.41836929321289
815,3.3184685707092285,0.505362,1.4977102,279.140625,11.729606628417969,0.7284402013271247,1.7795257568359375
816,1.4323618412017822,2.503337,7.573605,90.2880859375,8.785343170166016,4.511388362113465,10.410015106201172
817,4.138088226318359,0.9786172,4.620981,135.64453125,0.44509124755859375,8.865013657706296,21.72240447998047
818,3.3143815994262695,1.2501589,4.922743,1808.4771728515625,5.807552337646484,6.536330340338825,22.457603454589844
819,2.253117084503174,2.5750244,12.384874,21.39794921875,7.183742523193359,8.555996558012197,21.714889526367188
820,3.6087734699249268,1.7158823,3.6711235,330.60205078125,12.596084594726562,12.805708397888612,30.40819549560547
821,3.6741819381713867,1.1011263,8.242773,1841.759521484375,0.3291816711425781,10.64271739232531,33.11890411376953
822,3.8291845321655273,0.48661253,0.7946425,151.968017578125,4.744758605957031,1.916469957476405,3.3447494506835938
823,2.4860286712646484,2.8660395,6.0766263,30.57958984375,10.298606872558594,11.934576751252777,26.0341796875
824,3.3918018341064453,1.3811868,3.3890052,192.3330078125,9.007469177246094,6.816717219202573,15.943923950195312
825,2.3451626300811768,2.2905338,7.6445856,125.04833984375,14.345977783203125,5.214969150132845,12.240364074707031
826,4.30269193649292,1.168253,3.0537333,124.675048828125,1.1719970703125,9.172985364601711,21.015640258789062
827,3.528292417526245,0.58283776,1.6342856,347.444091796875,4.449756622314453,1.479616333216157,3.0680770874023438
828,4.1521735191345215,0.38626662,1.9608684,112.6611328125,5.5247955322265625,0.24997876556070153,1.046966552734375
829,4.454459190368652,0.7670688,2.3307147,24.69677734375,5.836090087890625,3.693517060905034,8.956283569335938
830,3.324470043182373,0.58445954,0.9435817,5.06884765625,9.165851593017578,0.1375343514155709,1.8457717895507812
831,3.513542652130127,0.6174405,3.0941129,57.5157470703125,0.5435943603515625,1.4880147450018661,3.5107803344726562
832,1.8256266117095947,1.1464659,4.2431664,237.4173583984375,10.566810607910156,1.4206952688694692,4.6926116943359375
833,3.4102933406829834,0.49674276,2.1952891,157.885009765625,3.544422149658203,2.5455673325780275,5.438804626464844
834,3.320709228515625,2.1909187,10.649747,208.571533203125,3.133258819580078,5.459979854118309,14.590194702148438
835,1.6133471727371216,3.0766475,12.571733,143.619384765625,10.125417709350586,8.925066384548227,23.914581298828125
836,2.755110502243042,0.6711709,1.0510485,147.093017578125,8.56103515625,1.893667991737292,2.7311019897460938
837,3.921156406402588,0.41690674,1.6743288,435.865234375,6.503948211669922,4.701735419332568,12.173789978027344
838,2.5124378204345703,1.3101245,5.7233605,1297.52783203125,5.910133361816406,2.8719727404868216,12.689834594726562
839,2.8108043670654297,1.1786801,7.039007,1338.4560546875,4.446987152099609,0.4701118974809049,6.026298522949219
840,4.484792709350586,0.6378041,2.1865478,146.98291015625,0.8634910583496094,0.1535592061545259,0.14996337890625
841,3.500129222869873,0.7172958,1.8326352,31.74462890625,10.609306335449219,5.83833182391211,4.045066833496094
842,3.568248987197876,0.44104648,1.2657449,167.566650390625,2.1405372619628906,1.9683972855331682,3.1276168823242188
843,3.6190969944000244,1.1295198,7.078553,217.88232421875,7.811119079589844,4.650650240621939,11.85296630859375
844,3.2597925662994385,1.1494113,7.9529295,1915.1658935546875,7.039562225341797,6.281305057608034,20.07037353515625
845,1.7204923629760742,2.648319,10.16818,126.743896484375,23.471206665039062,7.0923951624520924,19.538421630859375
846,3.918790340423584,0.3037283,0.93809974,245.2698974609375,0.38869476318359375,2.2538795931549203,5.204010009765625
847,2.8936409950256348,1.3954587,2.370049,443.56396484375,14.66341781616211,2.099840092924282,0.6008758544921875
848,4.023031234741211,0.47571683,3.3482456,31.6275634765625,3.795307159423828,1.1168014635038404,2.5112686157226562
849,4.1170148849487305,0.5584376,2.4617,134.125,4.632194519042969,3.390897648678255,6.391059875488281
850,4.437099456787109,1.3525429,7.286607,108.314208984375,4.775604248046875,7.944810218538617,19.117591857910156
851,2.136575698852539,1.5866171,5.9575343,51.2420654296875,10.485965728759766,2.353071191514122,7.923286437988281
852,3.654644727706909,0.8437632,4.775658,1.633544921875,0.18557357788085938,5.965312845163126,13.716865539550781
853,2.5411672592163086,1.2661847,7.626618,1075.9083251953125,6.14892578125,3.9307064033279353,15.054214477539062
854,2.223104238510132,0.41632628,1.299274,120.2529296875,2.837566375732422,2.2960649882469504,5.9445953369140625
855,3.3854451179504395,1.1077509,5.7056336,1562.819580078125,7.241950988769531,2.418358975403663,13.872039794921875
856,2.7682712078094482,0.96675825,2.4108367,18.73486328125,7.607364654541016,2.3169303687819784,4.9045562744140625
857,3.3881709575653076,0.5181586,1.8131883,140.373779296875,5.611896514892578,2.522716264456289,7.044647216796875
858,3.871527671813965,0.60882014,2.0751035,581.677490234375,2.0121116638183594,4.4207911044324355,10.454856872558594
859,4.373395919799805,0.3280166,2.281213,144.266357421875,0.401580810546875,0.8004586838753553,2.6400146484375
860,3.5486836433410645,0.86218977,5.5975056,850.15966796875,2.6391830444335938,5.774321751380736,17.056007385253906
861,2.8044185638427734,1.5893608,7.026239,251.37255859375,3.299346923828125,2.471202583341551,7.7254638671875
862,3.4689204692840576,1.2550354,6.578133,297.551025390625,4.688335418701172,1.633755083092403,0.07025909423828125
863,3.4007246494293213,0.6192922,1.1540322,83.386474609375,11.470348358154297,0.6973395936280014,1.2932510375976562
864,3.8343265056610107,0.2644325,1.1439965,25.20361328125,2.6778793334960938,2.1401504856664886,4.895164489746094
865,3.431464672088623,0.605125,1.0988065,115.34814453125,2.030078887939453,3.110440316806198,6.280632019042969
866,1.6283199787139893,2.736061,10.1458235,92.2568359375,17.14706039428711,8.420784043226494,24.403362274169922
867,3.5984463691711426,1.6362253,4.4435225,363.7537841796875,3.1145591735839844,3.829621131507423,6.341453552246094
868,3.503993034362793,1.2452844,4.7299604,261.33349609375,1.83721923828125,2.7792455977241595,5.2874298095703125
869,4.450459003448486,0.4903461,2.745049,161.078369140625,3.658924102783203,0.29914686707548555,1.786712646484375
870,2.2133026123046875,1.4972268,2.4072096,68.5126953125,21.02600860595703,1.3077135426703066,8.142265319824219
871,3.4528017044067383,0.4479606,2.2012506,24.278564453125,8.985458374023438,3.6764733958510725,7.922721862792969
872,3.71199369430542,0.7345605,3.2142346,24.8924560546875,6.966274261474609,8.279209712565478,19.155120849609375
873,3.049469232559204,1.130405,6.9144726,1053.8851318359375,1.555145263671875,1.4297942651007531,7.867652893066406
874,3.7421975135803223,0.25293943,1.8472285,184.814697265625,6.5697784423828125,1.666776406742553,0.6705093383789062
875,3.565854549407959,0.50010234,1.0689657,87.956298828125,7.507556915283203,6.557720628324137,12.932296752929688
876,2.585874080657959,0.6500592,1.6148841,286.9703369140625,0.29218292236328125,1.3877764653803055,3.6308517456054688
877,2.9173245429992676,1.1582888,5.7172527,1156.35400390625,3.5552940368652344,1.6686727748272077,10.632972717285156
878,4.48532772064209,0.38982978,0.9597925,37.73974609375,1.6527938842773438,1.2501760777038236,0.32944488525390625
879,3.7163591384887695,0.62028223,3.0368445,163.33935546875,1.3629798889160156,1.8192786346513756,3.5588455200195312
880,4.14276123046875,0.60052747,2.948238,103.1317138671875,0.5175552368164062,2.033018622398469,5.369178771972656
881,3.895124673843384,0.5041782,0.7574623,247.463134765625,7.2186279296875,1.049349107803991,2.1733169555664062
882,3.4563393592834473,0.44631624,1.4914944,203.094482421875,7.539695739746094,5.313963754827835,8.15472412109375
883,3.495251178741455,0.44204998,1.7220681,258.1083984375,9.288986206054688,3.166117491755827,5.044891357421875
884,3.709700584411621,0.72132635,2.4426067,132.4476318359375,4.643836975097656,2.7263508994992094,5.96783447265625
885,1.6462750434875488,2.7696044,12.538389,83.452392578125,19.466541290283203,7.062125692196336,16.95083999633789
886,2.8018741607666016,1.4259113,7.0038815,512.986572265625,10.835762023925781,7.806393645464954,18.089553833007812
887,4.420414924621582,0.7821722,3.8610947,28.814208984375,2.574951171875,5.92849478462513,14.459877014160156
888,4.015397071838379,0.418111,2.0186057,104.0576171875,0.26810455322265625,1.038255342385657,1.9125213623046875
889,2.577501058578491,0.9367168,2.7533112,370.2672119140625,3.320842742919922,1.6069172041669262,3.861785888671875
890,2.8738341331481934,0.5800777,0.9533421,25.986083984375,10.455436706542969,1.4459500659139728,2.3431243896484375
891,4.009649753570557,0.6369335,1.5305436,357.2294921875,0.7154159545898438,0.11343022162531469,0.05258941650390625
892,2.02116322517395,1.6190315,6.3773956,27.9664306640625,8.067092895507812,5.8385317208630525,13.442153930664062
893,3.9769585132598877,0.5280455,3.2006927,98.15087890625,1.8562431335449219,6.362288797687018,14.406532287597656
894,4.55207633972168,0.22108619,1.5358729,164.473388671875,2.040538787841797,0.29607520059756354,1.509033203125
895,1.048438310623169,3.8029711,15.36157,230.02734375,8.892120361328125,7.334766911152233,19.8795166015625
896,2.542976140975952,0.86801296,4.7293873,268.1722412109375,5.277912139892578,2.86576782161125,6.663841247558594
897,3.809001922607422,0.8180628,4.7236457,88.542236328125,0.4545631408691406,3.7237182158994777,9.783172607421875
898,3.2957561016082764,1.6453263,8.289458,84.845947265625,11.600765228271484,3.6078285728672412,10.835472106933594
899,3.3461380004882812,0.59662515,2.1634567,137.018798828125,1.5741729736328125,4.927540302625783,9.567283630371094
900,1.2531384229660034,2.7615526,9.06481,184.4395751953125,9.908729553222656,3.63565031636308,10.187602996826172
901,3.7908220291137695,0.39580336,1.7134142,167.408203125,2.1706085205078125,2.4483470678488217,4.15966796875
902,3.0793511867523193,1.4166323,3.8545222,342.464111328125,9.891197204589844,4.539009642705352,10.714302062988281
903,2.9721174240112305,0.52525365,5.521622,637.685302734375,11.628425598144531,3.3518151042251993,11.09185791015625
904,3.1958253383636475,1.0638391,2.413155,676.359619140625,0.9205589294433594,5.798846380687724,12.97320556640625
905,3.940276861190796,0.45049977,2.2643611,336.15380859375,4.997951507568359,1.7550347330760054,3.8507843017578125
906,3.511434555053711,1.2069615,7.9721065,701.4071044921875,4.421802520751953,1.6069338267345117,7.9584503173828125
907,2.8261771202087402,0.9475805,1.5201888,411.0595703125,5.245693206787109,2.38384776176353,6.196685791015625
908,4.232764720916748,0.97436434,4.209991,223.65234375,2.3576622009277344,8.998908978283634,21.226585388183594
909,1.4123269319534302,3.127613,10.439781,79.166748046875,13.504888534545898,4.079072623411985,12.915916442871094
910,3.4933619499206543,0.3852717,1.8062373,239.4459228515625,2.5608062744140625,3.5375342416037547,9.403388977050781
911,3.0699570178985596,0.51764995,1.0697898,40.143310546875,10.574108123779297,3.5461424577929996,6.200263977050781
912,4.458569049835205,0.46014228,1.6424166,113.336669921875,4.586029052734375,0.23273483231472625,0.8402252197265625
913,3.743744373321533,1.2290195,5.7740026,15.30810546875,5.099212646484375,4.886130043913106,11.977447509765625
914,4.196310043334961,1.1560669,3.2010455,350.500244140625,0.6703910827636719,3.6637621293490845,9.129341125488281
915,3.5274150371551514,1.3302386,5.193469,1097.54443359375,9.045211791992188,8.354434533530984,26.10528564453125
916,3.892990827560425,0.6520464,1.8401426,43.670654296875,4.545162200927734,0.9022772544944715,0.5911026000976562
917,3.389997959136963,0.49658468,0.87026215,34.33935546875,9.354740142822266,1.6764478760586563,3.0157089233398438
918,4.140364170074463,2.076024,12.510684,47.64013671875,8.106452941894531,8.19938731069039,20.285659790039062
919,4.267690658569336,0.38447896,3.0245547,76.5091552734375,0.8930130004882812,4.363333458698001,10.095024108886719
920,3.543480634689331,2.011281,8.970972,202.843994140625,9.698780059814453,9.985843205386274,27.375205993652344
921,3.8763504028320312,0.59930176,2.9916425,235.8814697265625,9.863292694091797,3.8885457926625406,10.389846801757812
922,4.003868579864502,0.38435856,2.4176579,345.125244140625,1.4849739074707031,4.562099773675687,11.23291015625
923,3.6152892112731934,1.8631339,9.008183,46.637451171875,4.502117156982422,7.960252338032866,20.365188598632812
924,2.4039974212646484,0.7106486,1.3717675,329.5087890625,11.671974182128906,0.7160816287782517,0.566009521484375
925,4.52177619934082,0.41099295,1.0244192,40.107421875,0.23260498046875,1.2290876904581083,3.2143096923828125
926,3.354172468185425,0.6082534,1.8509793,613.017822265625,0.9102592468261719,3.0611687484377157,9.469856262207031
927,2.962280750274658,0.50915354,2.1832101,140.18994140625,12.101726531982422,2.750219765763674,6.33966064453125
928,4.572206497192383,0.33900842,1.184709,20.9490966796875,1.830810546875,2.434610301853624,5.7088165283203125
929,3.474900960922241,1.2523623,2.9877625,1378.072998046875,2.0074234008789062,6.462857278603725,21.28137969970703
930,2.91477632522583,2.4785154,13.871326,180.907470703125,20.67620849609375,16.223791222031718,37.6187629699707
931,3.7288589477539062,1.0168048,6.940778,738.08447265625,2.312854766845703,3.5425118147593793,13.890098571777344
932,3.8608384132385254,0.4708395,3.7164767,348.636474609375,8.806480407714844,4.704906070409844,11.655258178710938
933,3.160806894302368,0.9344656,7.887913,610.23046875,7.3714599609375,5.830734455501958,15.615447998046875
934,3.9142794609069824,0.49008417,2.3059137,59.398193359375,2.130950927734375,0.34786299358167483,0.0614471435546875
935,3.115936279296875,1.2529672,4.8798766,1623.2291259765625,8.453075408935547,3.0654437033571647,14.765281677246094
936,3.063415050506592,0.63766366,3.3765857,587.76904296875,6.801410675048828,2.894933278453543,7.8983612060546875
937,4.408498287200928,0.7721266,4.380104,364.414306640625,0.3681068420410156,6.307979529093814,13.794418334960938
938,3.0274837017059326,0.570129,1.3451892,18.6298828125,6.260032653808594,1.5119482653668257,3.7347335815429688
939,4.138401985168457,0.5145314,2.306097,322.681640625,4.0716705322265625,6.366346291363641,12.327201843261719
940,3.2656090259552,0.752557,3.9213493,239.75390625,3.9771194458007812,5.933950320676946,13.438491821289062
941,3.4917376041412354,1.2321726,3.4101934,392.797607421875,8.38808822631836,3.023503846454613,8.846382141113281
942,3.28869891166687,1.6174504,5.2536263,168.198486328125,8.667381286621094,4.413256157580651,9.0718994140625
943,2.790126085281372,1.5307955,7.5429807,133.584716796875,5.871025085449219,2.193116134882608,5.943534851074219
944,4.043895244598389,1.0870169,3.422448,233.261474609375,10.753833770751953,1.718894528693614,6.155364990234375
945,4.349674701690674,0.2730175,0.51512015,83.504150390625,3.6344223022460938,1.0688506441764432,2.1924362182617188
946,2.763354539871216,1.3797961,4.493099,138.695068359375,9.51718521118164,3.371223517019512,7.248512268066406
947,3.536332368850708,1.0171012,2.0391288,90.87060546875,8.352642059326172,6.113150449574796,14.022850036621094
948,3.157726764678955,0.9036472,2.7432916,465.1094970703125,2.2857666015625,1.9774256795179603,3.8873519897460938
949,3.511981248855591,0.41279542,1.9787936,34.14453125,4.4459686279296875,4.068796662268365,8.694717407226562
950,2.856142282485962,0.74674374,3.3724282,33.8570556640625,1.5280189514160156,2.0893614866371273,4.2735443115234375
951,2.8821613788604736,1.2521594,5.033046,1120.774658203125,5.397956848144531,3.021613862210291,11.627861022949219
952,3.975102663040161,1.1813983,3.6378775,291.3203125,0.5528411865234375,5.436373292763413,12.791587829589844
953,3.2965893745422363,1.0254899,4.5755467,912.62255859375,1.248260498046875,0.5843725544932923,2.5190887451171875
954,2.4662694931030273,1.3189247,6.217165,1448.6845703125,5.328166961669922,4.7341779102702155,19.379432678222656
955,2.9137630462646484,1.129445,7.234766,88.318603515625,0.2396392822265625,4.546123035608552,10.315559387207031
956,1.3260078430175781,1.6764182,8.740108,186.3118896484375,5.770847320556641,6.670237282549596,12.674392700195312
957,1.970562219619751,1.2963946,5.9363556,21.7086181640625,9.710090637207031,3.679999433569108,7.506355285644531
958,4.357043743133545,0.96690494,3.5824015,272.7322998046875,3.5646629333496094,2.1773898437039243,6.925987243652344
959,3.4143784046173096,1.5619677,6.1855536,396.807861328125,19.27267837524414,8.843805260856492,22.85388946533203
960,3.9833569526672363,0.35452166,2.2502913,106.224609375,4.535118103027344,5.538218974770906,11.689437866210938
961,4.415565013885498,1.0980191,5.0985794,149.889892578125,1.7386817932128906,7.469358644608288,17.429367065429688
962,3.7347023487091064,1.2235478,7.5642953,96.123779296875,2.1685829162597656,7.216396494189436,17.485153198242188
963,4.134379863739014,1.0621406,3.1281235,169.959228515625,6.361724853515625,7.441629160306427,16.791427612304688
964,3.8490731716156006,0.42347845,2.4394636,441.755615234375,9.031295776367188,5.480740700374472,12.705680847167969
965,3.8930602073669434,1.3449787,3.6298316,573.989990234375,6.663501739501953,3.0319748699256337,8.442878723144531
966,3.1644277572631836,2.0348577,7.289088,251.70458984375,6.4957427978515625,5.52557292620418,13.40313720703125
967,3.843437671661377,1.1337858,4.9674406,323.90283203125,1.1534881591796875,5.365800631969741,13.474876403808594
968,3.8971619606018066,0.55550945,3.7572417,89.439208984375,7.024677276611328,5.748594902882779,13.038803100585938
969,4.012174606323242,1.2445787,3.9652224,265.91259765625,3.274444580078125,4.926902360296509,10.494300842285156
970,4.0176100730896,1.1722229,7.2584248,1570.07080078125,9.755374908447266,9.967196630886228,30.36833953857422
971,3.4336302280426025,0.8260605,3.2574623,123.083740234375,10.248401641845703,3.5202307191745383,9.006568908691406
972,3.862915277481079,0.61856884,1.0637965,505.951904296875,6.227054595947266,1.1923283051347973,3.0490188598632812
973,2.741936445236206,1.5199872,3.7302885,179.245361328125,2.3634681701660156,1.9871525298315653,6.898651123046875
974,4.131051540374756,0.646538,1.6270702,358.640869140625,4.179843902587891,1.245358712884638,2.07427978515625
975,3.9063870906829834,1.0507411,6.132858,87.898193359375,6.967243194580078,2.309953060997845,6.09039306640625
976,3.1553049087524414,1.3070178,8.9851465,1574.824951171875,16.506935119628906,13.481160981252849,39.85956573486328
977,3.120060443878174,0.453871,1.7624342,30.8125,2.169116973876953,0.5017755969223288,1.616546630859375
978,3.9707746505737305,1.3453971,7.4637876,116.8212890625,5.984561920166016,8.485739866146794,19.87757110595703
979,3.2125775814056396,0.80117387,1.4175807,3.768310546875,15.730125427246094,1.7157555197785683,3.3870468139648438
980,3.9653916358947754,0.4691824,3.9703212,300.957763671875,3.0444412231445312,2.1636015150038332,3.758392333984375
981,3.6199350357055664,1.0922838,5.2077775,1139.9720458984375,8.00754165649414,0.6318786871327937,3.8970260620117188
982,4.290946006774902,1.363876,4.2591004,207.677734375,2.8211898803710938,8.684737471677334,20.278648376464844
983,3.7338814735412598,1.9351758,6.6096106,21.422119140625,4.838401794433594,6.5761090204586985,16.203720092773438
984,4.061223030090332,0.5127104,3.0621736,129.93994140625,2.050567626953125,5.68480674857263,13.194305419921875
985,3.6868844032287598,1.2574731,7.9282794,1295.4302978515625,4.051113128662109,6.506525961539708,22.594467163085938
986,1.3571605682373047,2.2458315,7.1373863,24.8934326171875,6.773887634277344,4.977081899697421,13.317420959472656
987,3.551872730255127,0.319151,1.2748255,5.697021484375,1.0794181823730469,0.24346658899111517,0.828887939453125
988,3.872648000717163,0.51179975,1.9772911,330.122314453125,3.908794403076172,6.788626674326306,15.039306640625
989,3.377588987350464,0.40096688,1.7698865,104.4368896484375,1.4764060974121094,0.2697066955140315,1.253082275390625
990,4.09617280960083,0.84056044,3.3534303,296.33056640625,0.25646209716796875,0.6873560000323344,2.2473678588867188
991,3.284654140472412,0.5166808,1.0514747,75.841796875,5.637931823730469,3.379333827282313,6.767585754394531
992,1.6119863986968994,2.135517,9.3774605,86.1817626953125,13.179458618164062,3.8442232360487694,9.018074035644531
993,3.9516894817352295,1.2999829,4.47092,1278.9588623046875,5.474353790283203,9.710378881791744,26.709205627441406
994,3.5367650985717773,1.3069272,6.0099287,1400.0904541015625,8.527679443359375,8.943037570895516,27.840240478515625
995,3.8144936561584473,0.23837538,0.80523425,33.447265625,6.675788879394531,1.3104399389198136,3.2638473510742188
996,4.124337196350098,0.36865294,2.7227268,504.262939453125,4.426658630371094,1.7212985151647793,6.4952545166015625
997,3.4804768562316895,1.1961689,6.799323,1451.4769287109375,5.485393524169922,3.3175975323650455,15.397956848144531
998,3.2967605590820312,0.55303717,1.2722293,317.96826171875,9.25244140625,2.157977218811478,3.7476730346679688
999,3.954653263092041,0.46519974,3.6940925,354.179931640625,3.0345115661621094,2.1830944273397535,7.008384704589844
1000,3.115133047103882,0.8819833,5.356608,35.9942626953125,2.1828269958496094,3.4291332635970377,9.605186462402344
1001,3.8128788471221924,1.2705128,6.782399,1113.0211181640625,5.547111511230469,6.833837720197327,22.16216278076172
1002,4.081494331359863,1.1670061,5.3315935,128.597900390625,9.520317077636719,6.8120569275758065,17.166656494140625
1003,3.4761061668395996,0.46287894,1.9427669,231.3936767578125,5.4720001220703125,1.4751171538883519,4.295036315917969
1004,4.216586112976074,0.5271899,1.3477244,3.73486328125,3.546276092529297,0.3051873051299303,2.3282318115234375
1005,4.326210975646973,0.8671289,2.9006696,384.055908203125,1.8601188659667969,4.918673884195641,9.063545227050781
1006,4.262030601501465,0.40125775,1.1577392,242.61376953125,2.140411376953125,0.9421684238782575,2.511566162109375
1007,4.244063854217529,0.64071745,3.6611614,62.414794921875,1.1004867553710938,6.1729519265246005,14.144233703613281
1008,4.383530616760254,0.58021647,1.2057447,197.177978515625,2.1792335510253906,1.2210808813476035,2.2280426025390625
1009,2.748701810836792,1.605051,3.4676785,662.876953125,12.517379760742188,4.964636398618655,7.918251037597656
1010,4.2727789878845215,0.52410364,2.0769274,533.323974609375,1.8223037719726562,3.4446565607058197,8.808555603027344
1011,3.4212164878845215,1.2229218,5.680546,1706.9786376953125,7.861015319824219,6.57501964219583,21.860252380371094
1012,3.377546548843384,0.53196275,1.5265445,377.21533203125,12.061866760253906,3.1652126503421414,6.556465148925781
1013,1.6736537218093872,2.4552972,7.268026,145.929931640625,11.446495056152344,3.1801270970405113,7.0370025634765625
1014,2.759502649307251,1.2279285,6.0222025,1748.873046875,5.801975250244141,5.679246339894831,20.40606689453125
1015,3.272273540496826,0.70474005,2.5784311,124.3076171875,5.711177825927734,1.7346160459546383,4.523406982421875
1016,4.219018936157227,1.4389645,4.8359575,626.494140625,0.3138160705566406,6.045110719278259,14.4693603515625
1017,3.1447629928588867,1.0461439,2.5029368,43.087158203125,16.737388610839844,6.195814831554685,13.925247192382812
1018,2.7145462036132812,1.0033327,2.8409762,286.1220703125,12.98583984375,3.3934675187668013,8.732086181640625
1019,3.0540311336517334,0.632879,2.559902,87.2196044921875,2.035503387451172,2.379789236894645,5.1181640625
1020,4.3436455726623535,0.38298607,1.542632,84.73681640625,1.5549240112304688,0.7649314635670663,3.2498931884765625
1021,3.151026487350464,1.6548492,3.0876894,1898.4979248046875,1.5366020202636719,2.338732640977753,1.1036148071289062
1022,2.694455623626709,2.1375713,6.608931,238.755859375,7.287384033203125,5.2738633833866295,11.89327621459961
1023,3.741462469100952,0.47071055,1.9274366,12.9990234375,4.014827728271484,5.266341150779855,10.19970703125
1024,1.615593671798706,2.25898,8.099123,160.6258544921875,8.577373504638672,5.145320944920552,10.910072326660156
1025,3.56343674659729,0.7704752,5.567651,656.552734375,13.192428588867188,7.534293559799902,19.413101196289062
1026,2.6844470500946045,0.5076148,1.1468947,25.71826171875,10.999500274658203,1.383165103438614,2.7983551025390625
1027,4.1790900230407715,0.40870902,2.1557212,178.304443359375,1.9286079406738281,5.65579664185049,12.338462829589844
1028,4.002224445343018,0.24343427,1.577842,194.3245849609375,2.740093231201172,1.1233644632705548,2.5626220703125
1029,3.81215500831604,1.0265383,3.3633106,157.4052734375,6.167152404785156,3.0425567035270475,6.040763854980469
1030,2.2981340885162354,0.9709995,4.804445,294.8284912109375,6.528537750244141,3.2637234764620473,9.162849426269531
1031,1.9929184913635254,2.6712322,11.353355,65.84033203125,14.858909606933594,9.36813171821013,23.431800842285156
1032,3.403015375137329,0.88472587,4.9260573,1000.4736328125,13.382453918457031,2.1928208115359134,8.747650146484375
1033,2.552077293395996,0.8933258,5.6454124,207.227783203125,3.7329177856445312,1.5581136743985908,4.548591613769531
1034,3.2638866901397705,0.7214689,2.0798192,669.172119140625,3.189746856689453,2.7574425902244535,7.396209716796875
1035,3.691174268722534,0.84643346,1.7105619,900.527099609375,9.162918090820312,3.163163359306264,6.853507995605469
1036,4.1676130294799805,0.7210731,3.949572,165.81689453125,4.6014862060546875,1.238207130743291,1.9692230224609375
1037,3.470311403274536,0.4217063,1.3659116,77.495849609375,9.76754379272461,3.385587172345783,6.860176086425781
1038,2.809451103210449,1.3764955,2.2714608,502.849853515625,10.032821655273438,2.647578576933597,3.3453903198242188
1039,2.9670207500457764,0.6131845,2.6576478,89.427490234375,6.190967559814453,2.1709296407209564,5.3051910400390625
1040,3.1675631999969482,0.8252284,1.3502841,356.23974609375,9.915550231933594,1.527052481915451,1.6467208862304688
1041,4.4669108390808105,0.79121184,2.3903532,392.59912109375,2.464946746826172,6.1703963939073,12.5804443359375
1042,4.4493727684021,0.78330094,1.2964869,395.235107421875,1.4321784973144531,0.992106388902279,2.4976577758789062
1043,3.870934247970581,0.5135247,2.6058786,88.309326171875,0.5308723449707031,2.592111641607328,5.6346435546875
1044,3.5609962940216064,0.45899117,1.2802215,17.93798828125,9.082088470458984,0.7093970859371552,1.3666152954101562
1045,4.321375846862793,0.25914648,2.3727007,135.5360107421875,1.9313926696777344,1.6921811939279472,4.9411773681640625
1046,2.0859782695770264,2.1889918,5.487667,96.864990234375,9.541095733642578,3.376207655583439,8.608749389648438
1047,3.1716883182525635,0.7813652,1.6687036,112.296630859375,21.070899963378906,1.852094410422076,5.267120361328125
1048,2.781651020050049,1.1199347,8.309024,1572.3345947265625,4.262523651123047,0.49350459563529014,5.32098388671875
1049,2.9769842624664307,0.97607803,1.7909708,219.130126953125,12.67496109008789,0.1110819923776809,1.807037353515625
1050,2.509319305419922,0.69477844,2.6035068,226.0816650390625,0.7374610900878906,2.161874538994912,5.5721893310546875
1051,3.837834596633911,0.8967826,1.8902184,538.65673828125,11.490421295166016,3.409889655318519,5.055961608886719
1052,2.68999981880188,1.3473758,5.639249,119.2958984375,10.05459976196289,6.865846634830948,15.358695983886719
1053,1.880506157875061,1.8927201,8.562773,56.472900390625,5.4958648681640625,3.636840978726216,7.789299011230469
1054,4.044621467590332,1.2098707,2.4925895,205.372314453125,4.948795318603516,5.757146077374941,13.233528137207031
1055,3.1066975593566895,1.6425419,5.9958587,142.01953125,0.7134475708007812,5.9112997283278474,15.244148254394531
1056,2.9678306579589844,0.68117124,2.5120609,78.5635986328125,3.6456146240234375,0.338003063103411,0.5568389892578125
1057,3.7052671909332275,0.76304203,3.4975142,8.637451171875,0.8312187194824219,3.7075346195372845,9.886077880859375
1058,3.3988070487976074,0.6897023,2.3600736,49.4954833984375,1.5702133178710938,2.4226811226959732,6.2413330078125
1059,2.770134449005127,1.5686678,8.8476515,319.851318359375,11.073112487792969,4.405018281454705,11.685493469238281
1060,2.872663736343384,0.5107661,2.2998874,101.0245361328125,2.153400421142578,0.7929904992142554,2.1944732666015625
1061,3.368945360183716,0.60397655,4.364752,72.7142333984375,1.7033042907714844,3.8840933126493944,9.177566528320312
1062,3.2801380157470703,1.2564753,7.0932546,1397.7747802734375,5.934635162353516,4.671570369708206,18.364303588867188
1063,4.105068206787109,0.62730676,3.1863651,28.072265625,2.844684600830078,3.958111138931752,9.091690063476562
1064,4.422530174255371,0.57287866,2.5247,271.776123046875,0.19477462768554688,3.4042132049524554,6.7795257568359375
1065,2.852078914642334,0.96657854,2.8201358,16.9482421875,10.453239440917969,4.287239801039426,2.78369140625
1066,3.4824283123016357,1.3751322,11.83288,1185.1556396484375,7.001209259033203,6.87047592637639,21.270370483398438
1067,3.463714599609375,0.39833665,1.5785584,101.486083984375,5.091438293457031,0.3529594911713474,0.0115814208984375
1068,3.554490089416504,0.4373095,1.2237611,44.10498046875,8.214466094970703,1.6892879606074374,4.3346710205078125
1069,3.5265567302703857,0.6988697,2.8862422,39.64306640625,1.6269760131835938,6.559966355616396,15.100547790527344
1070,4.424587726593018,0.69065636,2.3954651,418.108154296875,3.3673744201660156,6.302039199848615,13.577674865722656
1071,2.5629634857177734,0.9450719,2.1130471,412.569580078125,15.328475952148438,1.923589875005959,2.6781997680664062
1072,1.7115888595581055,3.6710336,13.091234,180.304443359375,16.267826080322266,14.74711042443747,33.395606994628906
1073,2.393815517425537,1.3495717,5.980105,236.158935546875,5.900592803955078,2.6096987029408893,4.792263031005859
1074,4.527682781219482,0.987006,3.6112938,223.2508544921875,1.1655845642089844,6.022665053449604,13.74005126953125
1075,2.050347089767456,2.167989,8.239902,136.03125,16.947540283203125,7.0939800372763315,18.93817901611328
1076,4.356341361999512,0.2715403,0.96881235,40.0697021484375,2.3102493286132812,0.9939632064653416,2.5310211181640625
1077,3.6199123859405518,0.75524527,3.9294903,723.97412109375,1.2096595764160156,3.0802788924643103,9.458045959472656
1078,1.1134368181228638,3.2636907,14.786476,71.6785888671875,17.410381317138672,5.158574510725053,17.455825805664062
1079,2.7670538425445557,2.1805453,7.779747,78.750732421875,7.634483337402344,7.7847319405864255,18.44647216796875
1080,3.31740403175354,1.6703277,6.0990644,95.885986328125,8.508926391601562,11.440805771774702,26.22077178955078
1081,1.4025273323059082,4.115997,18.567074,213.67236328125,24.036357879638672,14.20791150260732,34.046287536621094
1082,1.9220421314239502,3.0186584,12.584028,109.314208984375,13.159685134887695,9.455708324251002,27.098007202148438
1083,3.5414843559265137,0.41581097,1.5971122,277.149658203125,5.3273468017578125,2.5089639555351333,7.320793151855469
1084,3.3182718753814697,1.2846416,5.708374,1242.315185546875,3.9081993103027344,7.27913584621724,22.57862091064453
1085,4.474799156188965,0.2549859,1.9505486,149.384033203125,0.2846031188964844,0.8940612535942236,0.8937454223632812
1086,3.123961925506592,0.8952193,2.1025133,514.7998046875,2.996368408203125,1.662562616604685,2.9876251220703125
1087,1.6221458911895752,1.6920413,9.060053,47.269775390625,9.06686019897461,4.10628408824153,10.001716613769531
1088,3.3048300743103027,1.2510582,3.4164271,1891.57177734375,8.871292114257812,6.756986771167583,22.01226806640625
1089,3.4542236328125,0.63039297,1.5495,578.21533203125,5.146968841552734,1.5217071067203811,3.9586944580078125
1090,3.4194583892822266,1.1350352,3.696991,1468.474853515625,3.4704017639160156,0.35318857542256055,3.855255126953125
1091,2.977108955383301,1.1377474,2.7385013,228.826171875,12.688274383544922,2.9509737498757893,5.904335021972656
1092,4.079954147338867,0.39731756,0.98092747,1.44287109375,4.414272308349609,2.244754374580996,4.3979034423828125
1093,2.6584901809692383,0.81687117,3.9776635,56.640625,9.353374481201172,0.22483026728421862,0.2923431396484375
1094,3.7793519496917725,0.6155159,0.89654577,75.82568359375,8.616317749023438,3.9390084796852136,7.888824462890625
1095,2.7430684566497803,0.6012488,1.5842645,305.6837158203125,0.3836402893066406,0.9546141419124368,1.6848831176757812
1096,3.5641801357269287,1.1735951,5.634362,1780.7423095703125,7.074882507324219,7.642281623463788,24.752838134765625
1097,4.498138427734375,0.24475373,2.8895328,463.77392578125,2.2606582641601562,0.25503543291517516,2.4050750732421875
1098,3.3667874336242676,1.0564841,2.2704883,1162.909423828125,0.39105224609375,1.7565449840892349,5.5479888916015625
1099,3.6984100341796875,1.0883288,5.2556553,44.416259765625,5.578388214111328,5.360698872397425,14.370719909667969
1100,3.7225284576416016,0.9422107,2.057878,606.189208984375,2.961559295654297,4.3256059773305715,6.193878173828125
1101,4.516218185424805,0.7910643,3.0061488,451.2900390625,2.9286270141601562,0.7728044116599868,2.0543136596679688
1102,2.1876449584960938,1.6172816,8.894077,253.7716064453125,17.295902252197266,8.60643107157048,20.17833709716797
1103,3.0744030475616455,1.0583597,1.7344439,526.832763671875,12.823097229003906,1.47171631760974,2.827301025390625
1104,3.9951679706573486,1.2024299,5.1326485,209.8890380859375,4.649696350097656,2.3259880049813937,4.6380462646484375
1105,4.448924541473389,0.90722704,1.7238088,395.671142578125,0.9393730163574219,1.0497978102863676,0.00420379638671875
1106,2.4084908962249756,1.3586388,11.362937,1350.3702392578125,8.773757934570312,6.803853398918886,22.71460723876953
1107,4.44049072265625,0.9627733,3.1489546,51.3203125,0.21642684936523438,5.234900983074887,12.83514404296875
1108,2.5156476497650146,0.8077131,0.95246696,8.7236328125,11.78232192993164,1.788106712177246,2.5639801025390625
1109,3.5211634635925293,1.3902436,6.6612477,580.748291015625,7.996089935302734,9.471806008575118,24.172630310058594
1110,1.1479014158248901,3.8427432,10.454541,127.0283203125,19.73917007446289,10.35062568090726,23.95557403564453
1111,3.230787754058838,1.1388499,3.564497,153.634765625,11.096870422363281,6.496801367141732,14.624809265136719
1112,4.0980987548828125,1.5184332,5.1959496,292.13134765625,1.5078887939453125,5.734872239708324,12.862625122070312
1113,3.47216796875,0.82899076,1.4823631,536.966552734375,6.321582794189453,2.135275881324098,5.43084716796875
1114,3.8317627906799316,1.0240362,2.5560024,175.64208984375,8.992958068847656,1.0898883224252458,3.796234130859375
1115,4.246732711791992,0.3376552,1.6948608,28.1055908203125,3.661579132080078,1.1287614427135253,2.8855133056640625
1116,3.3599135875701904,1.2728791,5.0765805,2089.876953125,5.113651275634766,7.5239005213737755,23.307632446289062
1117,3.342639923095703,0.83390164,1.2630484,294.433349609375,8.753299713134766,2.2585601683748884,4.012397766113281
1118,2.6772210597991943,1.6269194,7.0080137,127.653076171875,5.245033264160156,0.20075038528736044,3.938323974609375
1119,4.109819412231445,0.507087,1.5507915,56.379638671875,0.4355430603027344,1.0793125776022165,2.30633544921875
1120,2.780890464782715,0.53715587,1.8208916,143.388427734375,5.697315216064453,1.7365988423239642,3.9897537231445312
1121,2.8859622478485107,0.5828228,4.8599215,183.4183349609375,4.731159210205078,1.0636016527521406,1.3514175415039062
1122,3.9867684841156006,0.66608435,2.175484,423.9892578125,3.3364486694335938,1.5642218709778994,2.6150131225585938
1123,3.5438249111175537,0.5420287,1.1546259,197.7861328125,6.7866363525390625,2.474911265217962,4.9735107421875
1124,3.278209686279297,1.339223,2.8439455,393.783203125,14.846057891845703,0.3353389742038857,3.3797073364257812
1125,3.23752760887146,0.39653382,1.7177044,152.508544921875,1.9269752502441406,4.208903907807198,9.992912292480469
1126,2.764303207397461,1.3678364,11.03403,1525.9345703125,7.1857147216796875,4.7993423758412455,17.558090209960938
1127,3.007845640182495,0.7796076,3.4745421,159.6533203125,4.212959289550781,2.7447101660665076,6.348762512207031
1128,3.7282488346099854,0.5573247,1.7394918,134.070068359375,0.5682754516601562,1.4165510159564434,2.6339111328125
1129,4.53336238861084,0.5202349,1.9004562,224.348388671875,1.5117378234863281,1.9584053251838576,4.9764556884765625
1130,4.459889888763428,0.429665,2.7255952,67.025390625,1.725799560546875,4.665520746776949,10.317291259765625
1131,4.073835849761963,0.41197738,1.7662255,154.139404296875,0.20874786376953125,0.7375183898312905,2.8727264404296875
1132,3.254119634628296,2.2793357,5.576351,834.4423828125,6.641551971435547,3.140872392200805,5.691261291503906
1133,1.9750598669052124,2.5014517,13.186904,128.9599609375,7.212871551513672,7.598814768340592,20.43578338623047
1134,3.0401623249053955,0.6965826,3.0023055,46.598388671875,0.5823974609375,0.3491635705076348,0.39926910400390625
1135,3.884884834289551,0.45534337,1.9800856,79.639892578125,1.2306327819824219,0.2670711015581979,0.877685546875
1136,3.514939546585083,1.2036246,4.4006176,1850.61279296875,6.2636260986328125,6.679845224183033,23.818527221679688
1137,4.061137676239014,0.92904836,3.6254673,17.76513671875,2.145721435546875,5.073249726981288,13.467620849609375
1138,2.7280399799346924,0.7903735,1.628715,66.92236328125,13.006874084472656,0.2064162678680539,2.2000198364257812
1139,4.057798385620117,0.6280103,1.7116888,150.3626708984375,1.8377265930175781,1.3724533372329084,2.786865234375
1140,3.8749358654022217,0.41718045,1.8737023,50.739013671875,6.650836944580078,1.0120812005788125,3.2616424560546875
1141,3.5413177013397217,1.1133646,1.867468,648.557861328125,4.851238250732422,3.093178528971073,5.123878479003906
1142,3.3535258769989014,0.96197414,2.2079864,698.754150390625,3.004467010498047,4.764376404131273,9.578086853027344
1143,3.9830782413482666,0.49820518,1.8550379,165.883056640625,6.4010162353515625,0.34950683941992366,2.3604354858398438
1144,4.428835868835449,0.26454803,1.5948542,227.26123046875,2.7103614807128906,0.04916093830036772,0.9972152709960938
1145,3.401660203933716,0.69893235,2.6475441,40.487060546875,4.847141265869141,0.7109405672717131,1.7146835327148438
1146,4.3081254959106445,0.3675333,1.0742412,111.0390625,2.142425537109375,0.3799765057672886,0.56982421875
1147,3.6807844638824463,0.44711208,2.6823723,226.440185546875,2.6945724487304688,0.3360702679957477,1.4555740356445312
1148,3.438913106918335,0.8819251,2.9987895,661.9453125,3.610492706298828,2.500787918680089,6.018394470214844
1149,3.214448928833008,0.4904553,0.63292074,194.665771484375,3.1784629821777344,1.6035464600389915,3.325347900390625
1150,2.13067889213562,1.5065632,6.183634,92.583740234375,12.510002136230469,3.192922742290513,8.943267822265625
1151,3.1841747760772705,0.6841156,3.8197384,242.34228515625,0.39270782470703125,0.837698347376719,3.5601348876953125
1152,4.368219375610352,0.3138829,1.2765968,7.66748046875,4.658241271972656,0.9180140973114668,2.2619247436523438
1153,4.048324108123779,0.9687819,3.3039021,111.025146484375,7.442531585693359,2.933281201660474,8.512733459472656
1154,3.6804392337799072,1.2599803,5.91511,1700.6956787109375,9.44970703125,8.686290228958278,26.359092712402344
1155,2.8830912113189697,1.4767593,4.898302,722.5751953125,0.980438232421875,4.898135026916716,11.084678649902344
1156,2.86152720451355,0.6533244,2.831211,23.075439453125,0.7934799194335938,1.5826600243250581,3.91815185546875
1157,3.035322427749634,1.1852102,4.9391847,4.43798828125,3.8415489196777344,2.491999585553163,6.228309631347656
1158,4.436605453491211,1.063324,4.451416,55.2777099609375,4.4448394775390625,6.047956634563075,14.378692626953125
1159,3.120443105697632,0.54694706,1.4181515,315.87109375,15.349105834960938,0.4304653465472654,0.7047958374023438
1160,1.1764638423919678,3.4668415,17.026455,121.127685546875,14.46622085571289,7.3990948573114785,18.912109375
1161,3.7946865558624268,0.44840923,2.3807464,437.354736328125,5.893218994140625,5.344645569874384,13.369308471679688
1162,2.506577253341675,1.1328039,6.7537637,37.8763427734375,9.178409576416016,1.9987180473249637,5.730506896972656
1163,3.4990599155426025,1.0645313,2.442319,415.147216796875,3.8627548217773438,1.3353295768284816,1.7498016357421875
1164,4.5191826820373535,0.31352985,1.2086866,57.975341796875,2.5562362670898438,1.026968435103182,2.6396255493164062
1165,3.2325735092163086,1.1312389,6.16497,27.563232421875,5.249542236328125,3.7511550501627546,8.399261474609375
1166,2.1428658962249756,0.686889,1.2720238,293.52587890625,10.208358764648438,0.31054882123623884,0.8517684936523438
1167,4.18290376663208,0.724655,2.5911424,8.18994140625,0.28615570068359375,3.0040595075594148,7.0449676513671875
1168,3.9947919845581055,0.68978006,1.293272,369.593505859375,5.355735778808594,4.65634459510726,8.412368774414062
1169,2.0072402954101562,1.2503144,4.938202,239.9019775390625,12.739879608154297,5.646690531588931,14.559494018554688
1170,1.2116256952285767,2.1586235,12.892543,153.71435546875,8.886302947998047,5.850419105348983,13.480911254882812
1171,3.7054593563079834,0.86243016,6.05564,250.495849609375,10.60702896118164,8.91466440735815,20.769989013671875
1172,3.1782593727111816,0.8994915,1.4060134,73.65673828125,13.512153625488281,0.09612206249543576,0.77392578125
1173,4.474869728088379,0.6820455,2.4265945,184.1302490234375,0.5181961059570312,2.614273107509902,5.3759002685546875
1174,4.172598361968994,0.9541752,2.7831848,181.1800537109375,5.234531402587891,1.461553967832856,1.528350830078125
1175,3.294893741607666,1.7681383,7.0939503,228.429931640625,9.635578155517578,5.493326433339103,11.513153076171875
1176,1.7333028316497803,1.107066,3.174046,11.3485107421875,5.796142578125,4.852515343219288,11.201576232910156
1177,1.1554750204086304,3.1532981,6.6340938,124.63623046875,18.62432861328125,4.9494151724749,12.194046020507812
1178,1.9676837921142578,1.5459108,6.923623,1422.99853515625,0.5930595397949219,0.5989982654535453,4.393959045410156
1179,3.9593589305877686,1.0145847,3.108828,5.484375,8.596683502197266,7.019408705709825,16.056884765625
1180,2.91968035697937,1.4287724,3.1349363,431.693603515625,10.46493148803711,11.558395931961524,26.52666473388672
1181,1.3325097560882568,3.270869,13.920452,88.13671875,11.982467651367188,11.801013918201289,29.816200256347656
1182,2.7185235023498535,1.94936,6.1350956,16.884765625,8.212890625,6.709808224292733,18.091758728027344
1183,3.38322114944458,0.49627694,2.3046646,78.5081787109375,1.8783798217773438,1.0630854106519507,3.5719985961914062
1184,3.8550968170166016,0.5167765,1.4186755,4.25146484375,1.8179855346679688,0.4365767147036941,0.8014373779296875
1185,1.2762576341629028,2.4204016,11.103457,398.1322021484375,9.941604614257812,2.1138033835793024,5.341133117675781
1186,4.090888977050781,0.4082013,1.999485,142.71826171875,6.344535827636719,1.8628227770712904,3.9387283325195312
1187,4.364616870880127,0.4524379,1.6789516,189.523681640625,3.6473388671875,0.685723472169812,2.2159347534179688
1188,4.1126837730407715,0.4128588,1.1660901,162.17919921875,1.583984375,1.35778804402133,3.4247055053710938
1189,3.946474075317383,0.35184446,1.212376,84.950439453125,2.2028427124023438,1.8722913499742262,5.067100524902344
1190,1.044257640838623,3.9355857,22.800549,110.017333984375,24.455535888671875,8.825341386801412,27.054298400878906
1191,3.2519733905792236,1.2624038,10.827496,1299.455078125,1.6890716552734375,8.421873365931972,25.61748504638672
1192,3.708184242248535,0.98691875,4.381232,207.883056640625,9.921672821044922,4.82308899964066,12.010231018066406
1193,3.0832467079162598,0.47684872,2.3644712,344.3623046875,5.629890441894531,2.5564529586469753,8.902946472167969
1194,3.3940014839172363,1.2385006,3.6165466,1559.6199951171875,15.885841369628906,12.545408140909533,35.956214904785156
1195,4.029862403869629,0.37946883,1.2922565,148.4443359375,2.513446807861328,1.673995609220949,3.6248703002929688
1196,4.236815929412842,0.35381374,4.455152,483.5126953125,4.348907470703125,3.397179412722185,9.808853149414062
1197,1.1440261602401733,3.051637,10.740559,98.063232421875,17.10967254638672,3.8792921714087854,10.647941589355469
1198,3.8002281188964844,1.1727327,2.9198651,89.900634765625,12.852348327636719,3.4298571710005348,8.241424560546875
1199,3.4614408016204834,0.967829,1.5431998,520.541259765625,2.192768096923828,2.9184909350870285,5.304206848144531
1200,4.085716247558594,0.39381373,1.6222034,284.992919921875,4.684806823730469,0.6508320101510989,3.4094772338867188
1201,3.1943907737731934,0.6040264,2.3948164,21.3707275390625,0.3349876403808594,0.4790480514447353,1.4941635131835938
1202,3.19291615486145,0.85025644,1.6455071,51.101318359375,13.466796875,0.6580338327631807,0.6107940673828125
1203,4.379283428192139,0.3235382,1.1676655,172.943603515625,4.553466796875,1.194544601919997,3.5645828247070312
1204,4.093630790710449,1.3651305,3.0994196,803.4052734375,0.6569290161132812,3.239255679651908,6.345436096191406
1205,3.8042356967926025,0.5281724,2.6384974,186.555908203125,3.552104949951172,6.799832548212041,15.642616271972656
1206,2.2211415767669678,0.97370595,1.8885741,308.651611328125,8.779563903808594,0.3530591796139575,0.02518463134765625
1207,1.8077919483184814,0.7658016,7.1554494,831.7340087890625,0.7457084655761719,0.7872382571709977,0.4816741943359375
1208,1.3938177824020386,2.8575366,7.5891156,370.53515625,9.591033935546875,10.056854878843158,24.516822814941406
1209,4.053513050079346,0.49675056,3.992007,440.226318359375,4.994525909423828,5.651114859175774,15.529342651367188
1210,4.352501392364502,0.8601758,1.8113782,91.474365234375,2.2524185180664062,8.237450454036821,19.257102966308594
1211,1.2498244047164917,3.4091911,13.203307,221.6875,20.625003814697266,10.065239231533738,25.426681518554688
1212,3.908127784729004,0.516181,0.85610265,94.518798828125,13.813041687011719,2.2119313239516387,3.7102127075195312
1213,3.185112714767456,1.1325341,5.447999,1696.3294677734375,1.2386054992675781,4.165995329999184,17.431602478027344
1214,3.531853199005127,0.45613578,1.2915988,36.059814453125,7.530647277832031,2.3201040909566473,4.47979736328125
1215,3.4960925579071045,1.296003,5.626671,55.68701171875,6.343902587890625,4.021302477519274,9.424812316894531
1216,3.1048333644866943,0.85647124,2.8067453,147.5982666015625,2.0433731079101562,3.74829041135299,8.889564514160156
1217,3.380305051803589,0.7088125,2.1119678,77.346435546875,2.5884666442871094,2.124078576097311,4.98553466796875
1218,3.7953591346740723,0.4666554,1.291411,23.2181396484375,3.492572784423828,0.760542511069275,2.046051025390625
1219,2.242701768875122,2.203528,6.7617135,57.4580078125,7.746513366699219,5.409607103361331,13.062324523925781
1220,3.301063299179077,0.61022186,2.6796434,8.435302734375,8.407512664794922,0.480843674781422,2.5574722290039062
1221,4.013391494750977,0.3285168,0.57869434,119.320556640625,5.146202087402344,0.255892810844891,0.05483245849609375
1222,4.080237865447998,1.0259305,4.8076215,167.24755859375,8.3636474609375,2.9317434295269855,8.547958374023438
1223,2.265763521194458,1.6790766,5.260122,52.3509521484375,8.9052734375,2.6718666057568328,6.670036315917969
1224,3.3955976963043213,0.79327315,5.8190203,496.510009765625,5.775299072265625,4.475982174509856,13.516815185546875
1225,3.219223737716675,0.61128414,1.3931569,130.496826171875,7.276103973388672,0.8236467255542301,1.8854446411132812
1226,4.3071980476379395,1.1674169,6.9975758,147.348876953125,2.2980003356933594,5.449245272215016,14.167991638183594
1227,3.76269793510437,0.64804286,2.3737118,45.70751953125,2.582550048828125,5.82619695818984,13.6766357421875
1228,3.1528472900390625,0.51500255,1.3149192,35.853515625,12.25613021850586,2.6773572132686283,5.6630401611328125
1229,4.362297534942627,0.8939297,2.7523715,57.0224609375,0.9436416625976562,4.125607536677133,10.486358642578125
1230,1.0628410577774048,4.2218084,15.26908,179.41015625,20.656246185302734,4.368057172251461,20.24230194091797
1231,3.5353517532348633,0.5091822,1.5113589,156.92138671875,2.920379638671875,3.092347660044389,6.367057800292969
1232,4.359798908233643,0.9691213,2.1456842,451.0166015625,2.635833740234375,0.8814642211242258,0.5462188720703125
1233,2.555845022201538,1.4114045,6.177292,92.3790283203125,10.6884765625,7.2085223967257726,17.667640686035156
1234,4.324966907501221,1.0044755,4.0644894,57.575927734375,1.0420799255371094,7.335310476342151,17.867515563964844
1235,3.4333763122558594,1.0395147,5.4940248,562.0799560546875,5.872711181640625,1.1193728724688157,0.5500946044921875
1236,4.047834396362305,0.41515192,2.2030513,32.6328125,4.577178955078125,3.288383008188397,6.752906799316406
1237,4.203098297119141,1.2770997,2.7069511,616.492431640625,4.959674835205078,1.693141088404957,1.9829330444335938
1238,3.913525104522705,0.740644,5.658429,69.66455078125,6.034313201904297,5.3410298490544115,12.04083251953125
1239,3.618544578552246,0.36646518,2.1964552,27.53759765625,7.5655670166015625,3.0108126923523386,7.379913330078125
1240,1.8838329315185547,1.5971638,6.31534,33.308349609375,3.5907325744628906,3.228716230442025,8.247100830078125
1241,3.9058895111083984,0.57515854,1.9309736,356.974609375,5.701778411865234,3.9550382476634773,9.088241577148438
1242,3.933330535888672,0.45323062,1.7502037,210.18115234375,1.9405899047851562,0.41165746668124115,1.6854095458984375
1243,4.255263328552246,0.3081516,4.253732,89.294189453125,2.476665496826172,3.620525834602951,8.614425659179688
1244,1.3267617225646973,3.0353677,13.591386,72.945556640625,6.430397033691406,6.365260719306136,18.691551208496094
1245,3.4123451709747314,1.3494177,8.852282,1232.0423583984375,15.298206329345703,9.012091898579357,28.248626708984375
1246,4.453866004943848,0.38115242,1.7125055,195.72021484375,3.7966690063476562,3.0344681920880383,7.847900390625
1247,4.096480369567871,0.39217135,1.5508254,65.488037109375,0.9231185913085938,0.8703437498795168,2.4139328002929688
1248,3.434704065322876,0.70637083,1.6029462,567.591552734375,3.425384521484375,0.7081161325995176,1.1892242431640625
1249,3.7435193061828613,1.1546209,6.3315783,1208.7957763671875,1.2064590454101562,6.692533684895384,20.58594512939453
1250,4.143758773803711,1.4660463,5.466695,131.521484375,6.290790557861328,8.66296233790731,19.99596405029297
1251,4.109311580657959,0.59158903,2.5582943,82.07177734375,0.7033882141113281,4.820910140229373,10.319915771484375
1252,4.185458183288574,1.0041035,5.8728256,83.115478515625,7.1002655029296875,5.184005971346675,12.751983642578125
1253,3.48447847366333,0.62678814,3.0048368,436.1552734375,1.0549545288085938,4.390943158306644,10.253128051757812
1254,2.6762936115264893,0.92940646,2.335489,636.419921875,8.174793243408203,4.140912354940205,9.061210632324219
1255,3.7578017711639404,0.8160704,2.1236062,85.177001953125,4.953601837158203,4.073566599505817,8.992790222167969
1256,3.5942165851593018,0.3557559,1.044806,52.3671875,4.893024444580078,0.5409528837568942,1.1734619140625
1257,3.7079052925109863,0.46660444,2.7320178,47.86767578125,4.434772491455078,4.910123817595192,11.275566101074219
1258,4.355610370635986,0.5354955,2.8348544,250.82666015625,3.3919105529785156,3.7132230114422953,10.097953796386719
1259,3.1799027919769287,0.7366454,2.9442732,124.7845458984375,0.8098297119140625,0.3143160024547491,0.9498443603515625
1260,3.090372323989868,0.8205137,1.1783998,141.16162109375,8.279716491699219,0.6164823537687099,0.13935089111328125
1261,3.9745736122131348,1.2703635,7.2761188,91.118896484375,8.828010559082031,3.0723277557123225,2.74615478515625
1262,3.3183021545410156,0.9321866,1.4475186,258.39013671875,8.246761322021484,2.5028362788881218,5.565032958984375
1263,3.1525073051452637,0.99482816,5.5451436,103.7626953125,12.591358184814453,4.855836004475986,13.511711120605469
1264,4.263611316680908,0.7983873,3.0256386,303.33544921875,2.692798614501953,3.3530678371054172,8.476104736328125
1265,3.8931705951690674,0.4546223,1.9953834,153.044921875,3.216785430908203,1.158349694278133,3.9034347534179688
1266,2.4327468872070312,0.6288528,0.95698625,68.14501953125,4.434276580810547,1.5877095722244476,2.7967910766601562
1267,2.7281761169433594,1.1456709,4.124447,1455.09423828125,1.4293708801269531,4.604209917024882,18.08696746826172
1268,3.331409215927124,0.79916316,3.2439015,348.410400390625,12.255020141601562,3.689541812250404,9.073287963867188
1269,3.3184268474578857,2.2115161,10.817017,107.511474609375,8.787666320800781,7.247446564384013,19.006607055664062
1270,3.676480531692505,1.1182634,2.1300697,308.290283203125,6.020729064941406,4.46514819564776,10.578926086425781
1271,3.7915003299713135,0.5359968,1.1896219,134.04248046875,0.5838050842285156,0.9552363084673949,2.1198196411132812
1272,3.7308242321014404,0.8145029,1.9616823,708.598388671875,5.2509002685546875,3.271887691622865,8.134956359863281
1273,3.8675196170806885,0.7567244,5.280528,90.1376953125,2.2676010131835938,1.045125609425419,2.3785171508789062
1274,2.4890971183776855,2.792553,9.808517,164.095458984375,14.148029327392578,11.093385513184614,30.59130096435547
1275,4.364448070526123,1.0757071,5.1497827,929.4969482421875,14.586494445800781,4.294118319681672,14.682304382324219
1276,2.696255922317505,1.9296583,7.2970433,249.70263671875,5.480937957763672,3.820657179632981,8.846733093261719
1277,4.366650104522705,1.0142086,4.5645185,110.656982421875,3.6135025024414062,4.366509709337109,11.055763244628906
1278,3.1433825492858887,1.0538983,1.3122389,405.42529296875,12.762725830078125,0.8565425096142896,1.4114837646484375
1279,4.088022232055664,0.41062626,1.040744,315.126220703125,5.938785552978516,2.7178604958818653,6.8513336181640625
1280,2.72819447517395,2.1853735,10.528475,481.33984375,7.383270263671875,5.706494554091943,14.701927185058594
1281,3.9864089488983154,0.6982851,2.3315089,330.9189453125,5.2571258544921875,5.086759632529368,12.511642456054688
1282,4.465319633483887,0.4026432,1.0357795,98.334228515625,2.3680419921875,0.3544657360652401,2.2237548828125
1283,3.01699161529541,1.2086134,5.1872663,134.167236328125,12.10599136352539,2.147029676825646,7.1022796630859375
1284,4.166919231414795,0.91268474,3.4288938,252.74560546875,2.6749420166015625,4.061734012883381,9.067245483398438
1285,3.3193511962890625,0.7052348,2.2354088,427.216796875,7.106731414794922,2.6949820408494674,6.455146789550781
1286,4.474984169006348,0.28651503,0.65022206,10.680419921875,4.649219512939453,0.6766467819859763,1.4878387451171875
1287,3.4215307235717773,0.64776915,4.4658895,0.364013671875,3.620655059814453,6.6791432460413205,14.816436767578125
1288,2.295881509780884,1.3241293,8.471359,1664.254150390625,5.734245300292969,6.218338505601345,22.779197692871094
1289,2.655097246170044,1.1824344,2.133612,26.380615234375,12.275592803955078,1.7580350934228477,1.6957244873046875
1290,2.8384463787078857,1.3171343,3.901267,1719.0848388671875,6.7986297607421875,6.62712782673907,21.63152313232422
1291,2.779995918273926,0.70323294,1.6102972,114.747314453125,9.145214080810547,1.7420673847573411,5.3578033447265625
1292,4.390611171722412,0.29444516,1.2814549,216.381591796875,0.2752342224121094,2.7540244029462784,6.421630859375
1293,3.9147226810455322,0.62363666,3.9639692,97.5361328125,2.8591651916503906,3.8711735997906267,8.819755554199219
1294,2.890531301498413,2.819157,10.884395,15.613037109375,16.794208526611328,12.844234068878379,31.336280822753906
1295,4.545194149017334,0.4445534,1.268429,36.9100341796875,0.6123733520507812,0.7455095766004867,2.1621627807617188
1296,3.452035427093506,0.91512203,1.6662927,408.803466796875,9.165470123291016,0.5575657800993632,0.17885589599609375
1297,3.7312943935394287,1.6207784,7.517545,184.121826171875,6.237842559814453,9.263588474111916,21.45795440673828
1298,4.198545455932617,0.5565731,1.3514766,153.044189453125,1.973480224609375,2.7585960126188454,7.3181610107421875
1299,3.028226613998413,0.73630875,2.7631333,515.149169921875,5.62213134765625,0.8463393728741551,3.2716217041015625
1300,4.315854072570801,0.7310958,2.821321,87.98486328125,1.4713020324707031,4.778870616910769,11.642875671386719
1301,3.0068442821502686,0.7302777,1.6574823,16.70703125,10.701629638671875,1.3344430282257207,3.0125961303710938
1302,3.8804261684417725,0.82335013,3.3998175,738.74853515625,2.2160720825195312,3.3372918741518696,4.4056396484375
1303,3.8962225914001465,0.44185936,1.7512761,147.5556640625,0.9081039428710938,2.9897395600437733,6.991828918457031
1304,4.220407962799072,0.5677553,5.9561424,200.720703125,0.5857467651367188,2.4756933741883778,5.0656585693359375
1305,3.526796340942383,0.909121,1.3909794,536.24560546875,1.9892539978027344,0.8684657688614585,2.0427703857421875
1306,4.577708721160889,0.24776594,1.4141078,275.624755859375,1.056610107421875,3.3888567342901332,7.9716949462890625
1307,4.285715579986572,0.9780628,2.6001673,471.130859375,0.6792755126953125,5.332516841612261,12.40814208984375
1308,3.7682061195373535,2.0247014,8.3721695,600.77783203125,6.755771636962891,5.969698843149889,12.63848876953125
1309,1.2217509746551514,3.4861374,13.461535,352.1868896484375,16.15396499633789,5.671492393425456,15.90338134765625
1310,2.6629154682159424,1.3737054,8.409615,289.5030517578125,17.948101043701172,6.718382450683372,17.456642150878906
1311,4.299479961395264,0.73315936,4.961908,375.2388916015625,0.2860755920410156,5.274832655774709,11.294639587402344
1312,4.376385688781738,0.35489765,0.73417175,35.8193359375,2.198772430419922,0.904841028962462,1.8940353393554688
1313,3.2112653255462646,0.8785481,2.877664,516.844970703125,1.6438331604003906,4.522097807162172,10.928573608398438
1314,4.44271993637085,0.57061535,3.1436796,198.6488037109375,1.8614730834960938,1.2394565153818995,1.4982452392578125
1315,3.291832685470581,0.8555703,2.3875825,633.736328125,4.9434051513671875,3.235681732856058,7.3111724853515625
1316,3.920836925506592,1.4042281,10.216631,1264.2177734375,11.074565887451172,10.947439304220591,29.458145141601562
1317,3.5910043716430664,1.1951009,7.4029813,229.895751953125,6.788257598876953,6.478076518552651,13.613128662109375
1318,2.8737611770629883,1.2257499,2.6556072,248.603271484375,10.084896087646484,3.1596793091090056,7.173431396484375
1319,3.475846767425537,1.2577777,10.581575,1495.9051513671875,11.983596801757812,7.73774443229151,23.556175231933594
1320,4.285392761230469,0.7866085,4.8049912,119.55810546875,0.119720458984375,6.57068322123143,14.80426025390625
1321,3.512786388397217,1.3209337,6.2745814,206.2725830078125,3.737445831298828,7.52350532625567,17.097694396972656
1322,4.020376682281494,1.0564991,5.020289,2026.0654296875,13.873607635498047,6.810532062004853,22.579330444335938
1323,4.034029483795166,0.77234155,3.285742,58.207275390625,0.9838714599609375,3.0619003982565687,9.745895385742188
1324,3.415527105331421,0.45922685,2.7807717,271.2520751953125,2.838470458984375,0.42096922104968826,1.384124755859375
1325,3.6700568199157715,0.7260116,6.006051,358.21826171875,0.23048782348632812,3.731743041156303,10.287841796875
1326,3.459859848022461,1.1380295,4.7416973,45.06982421875,8.253410339355469,1.8672976435867028,6.075813293457031
1327,3.4602103233337402,1.1629845,2.5068085,503.825927734375,2.658763885498047,1.8856586350351598,1.9810638427734375
1328,4.543680191040039,0.6036842,4.08874,51.7860107421875,1.3737678527832031,3.7826646150741148,8.451347351074219
1329,3.5261380672454834,1.3493171,3.386579,320.193359375,9.10687255859375,4.039642086927067,8.183174133300781
1330,3.468994379043579,1.2589608,5.8965497,1666.46484375,5.911540985107422,5.775588427232169,20.163490295410156
1331,3.339979648590088,1.148307,4.269227,872.0599365234375,2.9778175354003906,0.2964374054941388,5.5549163818359375
1332,4.001613140106201,0.52953917,2.645259,104.814453125,2.8670578002929688,4.458180280566783,10.881851196289062
1333,4.141955375671387,0.40818754,0.83663124,109.301513671875,1.6051025390625,1.1954106095873342,2.43182373046875
1334,4.203561782836914,0.42241248,1.7611668,377.523193359375,10.096412658691406,2.347056476085548,1.9251327514648438
1335,3.663686752319336,0.8863202,1.694721,123.409423828125,13.308238983154297,1.1742678606454433,1.7179336547851562
1336,4.065415859222412,0.43457666,0.90561986,29.967529296875,4.192543029785156,2.1313243946169536,5.070808410644531
1337,3.8053016662597656,2.1552298,4.4791675,1296.7652587890625,8.034793853759766,2.5919510555579635,4.071510314941406
1338,4.103715419769287,0.5223539,2.0207453,108.4931640625,3.603363037109375,0.21255801102402572,0.8372726440429688
1339,3.6983962059020996,0.560087,2.4930067,370.9921875,1.4132843017578125,5.62661161021957,13.434379577636719
1340,4.339571952819824,0.35138547,1.0271816,0.110107421875,2.5366744995117188,1.1822668828724474,2.6513595581054688
1341,1.944490909576416,0.8293889,3.6002245,195.61474609375,0.050140380859375,0.5674085279886363,0.9669113159179688
1342,3.865478754043579,0.5173152,1.5819439,21.505859375,0.3964653015136719,3.2795001488878484,7.629875183105469
1343,3.832738161087036,0.48381925,1.0823096,360.32470703125,1.0004119873046875,3.3586910644948524,7.8088531494140625
1344,4.561816215515137,0.77501965,3.9760323,148.254150390625,1.5448989868164062,5.8720079649780175,14.922088623046875
1345,3.229888677597046,0.6124956,1.5006663,116.645751953125,8.005008697509766,0.9405712447424008,0.9973220825195312
1346,3.019566535949707,0.6937253,1.4949061,218.24658203125,6.746318817138672,0.4165617345983357,2.3697662353515625
1347,1.5111684799194336,3.3785465,9.070419,328.22314453125,24.169021606445312,9.77348671027286,25.764427185058594
1348,3.9162538051605225,0.92561835,4.7732363,79.19580078125,4.3052978515625,7.336059288089739,17.48310089111328
1349,3.469146966934204,0.7566572,3.1432314,213.710205078125,3.840240478515625,6.902781433582007,13.917266845703125
1350,1.818989872932434,0.87616557,2.8131118,31.7952880859375,8.823295593261719,0.3055098875569726,0.23613739013671875
1351,1.8129560947418213,2.353411,6.485969,230.1297607421875,6.551033020019531,2.511662189056544,6.929878234863281
1352,3.5172383785247803,1.052586,3.1083522,502.681640625,0.4493141174316406,0.8536188952435744,1.4988021850585938
1353,3.263312339782715,1.1862202,5.490141,68.2164306640625,6.693843841552734,0.9423833347029991,3.6639328002929688
1354,3.2934651374816895,1.1596228,4.349835,1465.15087890625,4.1995391845703125,4.740159796581164,18.93474578857422
1355,3.7156803607940674,0.49719635,1.9700681,170.585205078125,8.803573608398438,2.315924222697465,6.024513244628906
1356,4.4589924812316895,0.43656528,1.9924647,30.78076171875,1.9383506774902344,0.09978887615642051,0.7195053100585938
1357,4.351339340209961,0.43141663,2.406313,325.2822265625,3.719371795654297,6.857871264610537,15.462234497070312
1358,2.5234861373901367,0.7982213,1.9855278,52.438720703125,9.925651550292969,1.3125255662353972,3.877471923828125
1359,4.5395989418029785,0.3378259,3.2562788,214.5380859375,2.81475830078125,4.761424997067987,11.62603759765625
1360,2.0789976119995117,2.3538182,6.6095743,18.176513671875,18.162479400634766,8.16578954207193,19.77220916748047
1361,3.0843043327331543,1.2476149,8.868987,1516.791748046875,7.507991790771484,6.611986301572813,23.078094482421875
1362,3.370133876800537,0.44894806,3.2560387,138.56640625,6.148231506347656,1.8203176490726634,6.675567626953125
1363,4.211799621582031,0.66121954,4.551037,62.518798828125,3.9834060668945312,0.1632366571270829,1.7582015991210938
1364,1.9024875164031982,1.2389832,7.729649,1912.154541015625,4.0868072509765625,4.534465544137046,18.067405700683594
1365,3.669816255569458,0.66844314,3.9060252,459.060791015625,0.07257461547851562,5.930526768348905,14.889381408691406
1366,3.7291524410247803,0.7312097,1.8584347,352.2626953125,8.120689392089844,3.0383550775255443,7.331703186035156
1367,3.1568048000335693,0.74237084,1.0737517,210.2158203125,6.451229095458984,0.04873305040361586,0.090423583984375
1368,1.2473914623260498,2.7534008,9.85134,35.298583984375,12.281295776367188,3.7345510380322082,9.6470947265625
1369,4.457306861877441,1.0138544,4.102508,228.14697265625,0.23258590698242188,4.926133544786943,11.158180236816406
1370,2.61664080619812,1.0127821,7.2880726,176.199951171875,4.767841339111328,3.115520478919919,9.332595825195312
1371,2.610563278198242,1.0495995,5.45112,37.8720703125,8.291885375976562,1.6560480926316146,0.13202667236328125
1372,3.599200963973999,1.2882924,9.378914,1643.2393798828125,15.333137512207031,8.922547522730003,28.19312286376953
1373,2.515432119369507,0.81005096,3.720149,131.284912109375,0.9809417724609375,0.6446620161601508,1.11456298828125
1374,2.7179393768310547,3.1335325,14.414337,45.665283203125,17.05645751953125,14.63564901544574,35.48823547363281
1375,3.893554449081421,0.9746501,3.9029055,8.569580078125,5.472206115722656,3.557375202684863,9.769264221191406
1376,2.6489367485046387,0.69082785,5.6385345,128.0955810546875,3.302398681640625,1.154141365385243,2.838390350341797
1377,2.1283562183380127,2.4754996,9.979057,207.849365234375,7.516498565673828,6.366416839860236,16.58985137939453
1378,4.174698829650879,1.3519645,4.478692,114.241943359375,2.723175048828125,7.218840846546218,16.169357299804688
1379,4.373805522918701,0.9649256,2.5662236,333.372802734375,0.2830314636230469,2.927907550406175,6.682456970214844
1380,2.9789559841156006,0.87336165,1.6606843,70.850341796875,11.081222534179688,2.3851674582527913,3.2454757690429688
1381,2.1893703937530518,1.5785383,5.3960514,110.0482177734375,7.892078399658203,1.1616091022198773,2.604644775390625
1382,1.7036123275756836,2.700792,8.566057,311.0853271484375,2.7540740966796875,5.13299879180952,11.175979614257812
1383,1.6769776344299316,1.0239713,4.8926477,58.189453125,4.441986083984375,0.5626184980902984,0.47776031494140625
1384,3.1941535472869873,0.5771036,1.8582894,227.63916015625,8.245426177978516,0.893772796496151,2.6584625244140625
1385,2.915435791015625,1.2246863,5.3522444,204.0677490234375,5.156227111816406,3.073490484215178,6.635810852050781
1386,1.3303027153015137,2.5323775,9.234054,47.3388671875,13.472991943359375,2.6776550057668196,7.036590576171875
1387,4.337353229522705,0.4500017,2.2648373,55.67919921875,1.8191757202148438,1.6348310836458388,4.466583251953125
1388,3.3142168521881104,1.5218277,2.758369,123.234130859375,9.48708724975586,4.891750275300524,13.838882446289062
1389,2.58139705657959,2.105666,9.612289,259.43798828125,13.855972290039062,9.721290049860652,23.849533081054688
1390,2.011155366897583,1.2111958,5.8393736,258.6151123046875,2.1383285522460938,0.6606605647266974,2.685455322265625
1391,3.1250364780426025,0.9094357,3.0720236,720.9599609375,6.9006500244140625,3.230667720259575,9.25225830078125
1392,2.54630970954895,1.9653219,8.613227,242.796875,13.23708724975586,10.99295930197087,26.91547393798828
1393,3.8872292041778564,0.43214235,0.5172374,221.088134765625,8.20406723022461,0.7152774705522269,1.2286758422851562
1394,3.630849838256836,0.7516839,2.847046,63.4873046875,5.161701202392578,0.8311700645424551,4.285530090332031
1395,3.010155439376831,1.6019284,11.757267,270.82763671875,7.969932556152344,6.019533769442113,16.588233947753906
1396,2.845149040222168,0.76682836,5.3035564,293.313720703125,8.01007080078125,3.740500002129476,9.411632537841797
1397,3.059030294418335,0.8196428,5.754612,125.798828125,6.314781188964844,4.274839273576678,9.894462585449219
1398,3.702683687210083,0.48567644,1.2983489,347.69140625,4.889331817626953,1.9223714099451037,4.134147644042969
1399,2.5908148288726807,2.9881935,10.167776,8.424072265625,9.42740249633789,8.06515757725257,20.637184143066406
1400,3.808593273162842,0.35160485,2.4570205,101.152587890625,3.7094154357910156,2.494318819949431,6.1578521728515625
1401,3.8826687335968018,1.469911,6.046196,21.166015625,5.906108856201172,9.404144881108735,21.912071228027344
1402,3.4162180423736572,0.54234105,1.0513873,102.8798828125,9.178382873535156,3.6270002250810336,6.6025238037109375
1403,3.0465919971466064,1.1440964,6.424192,260.045166015625,10.820323944091797,7.818371236621989,17.93212890625
1404,2.811565637588501,0.5741219,3.7755992,218.7266845703125,1.9414253234863281,2.599969218644386,7.172935485839844
1405,4.50993537902832,0.7764087,2.237039,345.027099609375,0.36084747314453125,4.475656596802242,10.202865600585938
1406,2.9087600708007812,0.71124476,3.5687187,168.1217041015625,1.0148086547851562,1.6426813573483265,3.0150375366210938
1407,2.771421432495117,0.84335333,2.3760133,28.892822265625,11.595245361328125,1.7655317132305441,2.104156494140625
1408,2.5102791786193848,0.57929516,1.6006634,64.6480712890625,13.808021545410156,0.25572401301498004,2.4295120239257812
1409,4.198955535888672,0.9257658,2.9570115,351.89111328125,5.249340057373047,4.387533164252929,7.2338714599609375
1410,2.349282741546631,2.5665019,7.9816275,339.628662109375,14.79745864868164,9.893884643620321,23.61822509765625
1411,4.2897443771362305,0.6283265,4.142391,17.417724609375,3.0752220153808594,3.795042054931862,9.099327087402344
1412,4.411985874176025,0.3079627,2.5469325,25.52685546875,1.3456954956054688,1.8101975286849665,3.6919479370117188
1413,3.0220344066619873,1.1526662,6.804983,1133.25830078125,1.8777656555175781,3.0198416299210287,11.042510986328125
1414,4.462202548980713,0.8064007,5.440385,66.55029296875,6.722423553466797,6.44876935228482,15.510566711425781
1415,1.828284502029419,3.6116474,12.981685,75.596435546875,15.236331939697266,15.531488898923218,36.36595153808594
1416,3.8783962726593018,1.1637741,3.7789598,1232.235107421875,7.795158386230469,0.8808012774134539,8.618247985839844
1417,2.4293906688690186,2.3843663,7.328087,20.590576171875,16.767486572265625,8.348398276066483,20.464981079101562
1418,2.690335512161255,1.3159553,5.9934616,1620.43994140625,10.33437728881836,7.635804002526406,28.19073486328125
1419,3.6434619426727295,1.0861603,8.089095,1401.2652587890625,1.7475700378417969,2.2518811840253434,12.571365356445312
1420,4.143094539642334,0.51989704,0.84791684,56.82421875,3.1307830810546875,4.0522153813940776,7.903770446777344
1421,4.133973121643066,1.2221107,4.1269617,86.61572265625,6.035118103027344,5.859876844646855,13.457572937011719
1422,3.9853761196136475,0.32050452,0.9160676,17.023193359375,1.8894767761230469,0.5505477106268195,1.178558349609375
1423,3.504295825958252,0.4634241,1.4392614,347.8212890625,5.367473602294922,1.9213682604800937,4.376068115234375
1424,4.04368782043457,1.1212536,4.3464127,386.13623046875,3.0686874389648438,6.944794557361394,17.484710693359375
1425,4.318165302276611,1.1401697,4.0397797,491.86669921875,3.343517303466797,3.3472931651131894,6.463386535644531
1426,3.964367628097534,0.29807806,1.5203882,254.250732421875,0.4098167419433594,5.789090659372217,12.790985107421875
1427,3.599487066268921,1.4889256,4.580802,881.291259765625,4.392314910888672,2.9496454688126477,6.913932800292969
1428,4.545087814331055,0.44917622,2.2934823,240.10400390625,1.0440177917480469,2.9774100137722357,7.636878967285156
1429,1.5743205547332764,1.8715523,11.799497,173.514892578125,10.18194580078125,7.3526154006333755,19.09894561767578
1430,3.5762252807617188,0.7771132,1.798423,65.849609375,8.72149658203125,0.06714473153960654,3.0998077392578125
1431,4.172989845275879,0.49558488,1.6574922,207.9140625,3.6145362854003906,0.8382013073053045,0.421234130859375
1432,2.880635976791382,1.2004147,5.978145,1929.8094482421875,13.488189697265625,9.454992583352318,28.51006317138672
1433,4.122230052947998,0.38788033,1.244103,129.406005859375,3.44561767578125,2.8206718623046783,6.0963897705078125
1434,3.985106945037842,1.1528958,9.574131,268.80810546875,6.044952392578125,2.976826776514436,4.257331848144531
1435,4.536481857299805,0.5503623,3.02558,18.98583984375,0.084564208984375,1.5520006597819922,3.843524932861328
1436,2.232180595397949,1.9005289,5.6313524,88.966064453125,18.28759765625,6.553553158358401,15.534019470214844
1437,3.4504427909851074,1.5109633,6.056567,118.3878173828125,10.667598724365234,0.56077563424018,2.12457275390625
1438,1.7969262599945068,0.82161266,6.618054,196.525390625,5.840690612792969,4.140735312147619,10.115119934082031
1439,3.7976319789886475,0.35671842,0.5534607,102.402587890625,5.853427886962891,2.9216708852167166,6.18743896484375
1440,3.9055628776550293,0.73622847,4.3888874,48.940673828125,1.7529640197753906,6.04623682097229,13.669929504394531
1441,3.5235395431518555,1.9288435,7.383279,241.2431640625,9.43209457397461,8.728778548034832,20.699752807617188
1442,2.5834953784942627,1.4888586,8.732325,96.322021484375,5.971416473388672,5.213028931239759,11.86370849609375
1443,4.632938385009766,0.07924056,0.9055416,60.348876953125,0.6940650939941406,1.7336271757557817,3.5615081787109375
1444,3.069448947906494,1.2924342,3.8155303,1474.8662109375,3.4937896728515625,4.50443727014062,17.68944549560547
1445,3.4724981784820557,0.79277724,1.6578047,463.91162109375,6.287204742431641,3.3331780481514883,6.158729553222656
1446,2.502214193344116,0.4794966,2.0418425,268.4022216796875,8.141284942626953,3.88168094447348,10.941200256347656
1447,2.764476776123047,0.46984708,0.9060181,12.098388671875,11.478336334228516,0.671374471238984,1.62103271484375
1448,1.1096056699752808,3.873724,16.119045,275.07421875,19.039546966552734,4.211377528858641,13.218196868896484
1449,3.766364574432373,0.66161186,2.4694817,749.035400390625,0.121673583984375,3.137077992464828,7.139915466308594
1450,4.489597320556641,0.19478573,1.4504516,12.728515625,3.2721900939941406,2.035694396809358,4.2459716796875
1451,3.7791993618011475,1.3292155,3.5068436,262.646484375,1.8101577758789062,6.412075149014939,15.528800964355469
1452,3.870492696762085,0.46430233,0.69216955,151.345947265625,4.112537384033203,0.5204542657590245,0.8412628173828125
1453,3.958434581756592,0.5623271,3.626503,18.892822265625,0.8840789794921875,3.826520253936554,9.066925048828125
1454,3.5042507648468018,0.9509816,2.6042995,56.7008056640625,7.236167907714844,4.08254230070737,10.104598999023438
1455,3.8386478424072266,0.467676,2.4075441,392.363525390625,4.111175537109375,2.744208432798832,7.927558898925781
1456,3.6323647499084473,0.50592935,1.1785209,153.7861328125,1.8512458801269531,1.7466072406247193,4.9691314697265625
1457,3.0627071857452393,0.9170988,2.9045775,669.170654296875,1.722259521484375,4.0156930251027205,9.748329162597656
1458,3.1865766048431396,0.35292482,1.1250217,22.84033203125,3.214527130126953,1.7770976978564974,4.164924621582031
1459,4.355781078338623,0.492211,1.6735555,388.474365234375,3.399585723876953,0.2777629354106388,0.18175506591796875
1460,3.975797653198242,0.55757576,2.147491,44.4775390625,3.3914108276367188,0.02725213994976272,0.019378662109375
1461,3.917008399963379,0.6140935,1.2767947,450.289306640625,6.261970520019531,2.4118348663259503,4.826606750488281
1462,4.320211410522461,0.40031072,2.4845374,82.7353515625,0.18606185913085938,0.1991232653679802,0.53704833984375
1463,3.167942762374878,0.971673,4.150525,415.2052001953125,1.3305091857910156,1.8229985368910313,2.944580078125
1464,2.552978277206421,0.82596546,1.4953876,38.3623046875,5.552555084228516,1.4844041760055795,2.3077545166015625
1465,4.149501800537109,0.84384966,4.272846,201.9228515625,9.215446472167969,6.643891074558109,16.83417510986328
1466,2.9178905487060547,0.38488054,4.07554,47.17431640625,2.2701873779296875,2.0865822160177068,4.901145935058594
1467,2.313969612121582,1.4224156,6.518922,1249.6375732421875,0.08281707763671875,3.4983604672862185,1.8638534545898438
1468,2.774848699569702,0.66568613,2.4182014,100.07275390625,3.2740554809570312,1.1398577183499015,1.3560791015625
1469,2.0127947330474854,2.289247,4.807436,1096.619140625,2.0299606323242188,2.0538950708184345,4.780998229980469
1470,2.700146198272705,0.49114004,1.4928185,225.321044921875,7.472545623779297,3.5169511848314947,8.102607727050781
1471,3.8762869834899902,0.75774384,2.209121,272.731689453125,5.011749267578125,0.11771918496469169,0.134765625
1472,3.8563733100891113,0.6030659,2.8623745,197.6259765625,2.127704620361328,0.047292516638115956,2.0068359375
1473,2.731013774871826,0.94646174,2.0416813,88.66357421875,21.600608825683594,2.5396507996792863,5.9853057861328125
1474,3.617950916290283,0.50367576,1.3115677,152.285400390625,4.535472869873047,1.2730757158865096,1.8223648071289062
1475,4.354602336883545,1.3087649,7.771004,10.366943359375,1.8947219848632812,7.037986523707822,17.69617462158203
1476,3.860793113708496,0.33982286,2.3005202,237.08984375,2.3489952087402344,0.7871225381794069,1.4490203857421875
1477,2.246938467025757,2.005824,5.1199884,169.91796875,7.673877716064453,2.842747638989813,6.1050567626953125
1478,1.283065676689148,2.7410777,6.9160357,13.6617431640625,11.248123168945312,3.7663314375270076,9.494956970214844
1479,2.02009916305542,0.8011575,5.1090736,389.0069580078125,3.0795326232910156,0.37065068986302663,2.6382598876953125
1480,4.216492176055908,0.63473004,4.6723866,78.4150390625,4.070941925048828,4.868870151049517,11.755363464355469
1481,4.077123165130615,0.4922891,0.71666,16.333251953125,3.7085342407226562,2.18565108598823,4.327095031738281
1482,3.8177402019500732,1.7313935,5.739436,365.1875,3.6449127197265625,5.634779965140996,14.376861572265625
1483,3.162186861038208,0.662057,2.767772,23.6787109375,4.636081695556641,3.625296661565905,8.844650268554688
1484,3.4782204627990723,0.41232303,0.9811034,12.153564453125,5.223304748535156,3.365093903744153,7.353080749511719
1485,2.6675400733947754,0.6600017,1.9402034,166.35107421875,4.584869384765625,3.094863972485289,7.080802917480469
1486,1.54512357711792,3.0784948,8.719707,257.0709228515625,9.54165267944336,5.834700939061005,13.491043090820312
1487,4.496632099151611,0.77516097,2.6418452,165.11962890625,1.0188217163085938,4.718572851415104,13.059013366699219
1488,4.433965682983398,0.5793134,2.9470644,154.158447265625,3.134552001953125,1.4046917976001758,4.3268280029296875
1489,4.160282611846924,0.55711,1.896338,316.9951171875,2.7147140502929688,2.4851915286562054,5.691261291503906
1490,2.2079434394836426,2.6229134,9.695285,8.039306640625,18.305213928222656,7.471812835867098,21.31463623046875
1491,4.374335765838623,0.41952035,2.6199825,87.96630859375,2.9173431396484375,1.2044480175119574,1.32379150390625
1492,1.8861101865768433,3.0352643,10.148591,233.9776611328125,19.283721923828125,5.641308071762367,17.547996520996094
1493,1.2596514225006104,3.4885113,11.863995,28.68701171875,15.905799865722656,4.575797144430595,13.741828918457031
1494,2.8950321674346924,1.2914562,7.360437,940.173095703125,6.6067962646484375,1.1195895236906104,9.636360168457031
1495,3.2946019172668457,0.52819127,1.8685033,477.5126953125,0.08392715454101562,6.008939477225628,12.715957641601562
1496,4.422549724578857,0.55640674,1.8573294,8.422607421875,5.119937896728516,1.578229390860578,0.9832611083984375
1497,3.854633331298828,1.2282491,6.9773245,1436.930419921875,10.694389343261719,5.044924645421801,18.03693389892578
1498,4.010241508483887,1.2988344,3.6295974,483.5518798828125,2.3947410583496094,2.5219935078721605,7.46136474609375
1499,4.45761251449585,0.3918911,1.8616569,193.526611328125,1.1301918029785156,1.264088631234248,1.42059326171875
1500,1.3205074071884155,2.8021095,11.12556,192.3331298828125,7.287654876708984,6.888527652990472,13.206405639648438
1501,4.288394927978516,0.70109224,2.5261707,123.3212890625,0.7196159362792969,1.4035683125509415,3.77398681640625
1502,3.9626636505126953,0.41696024,1.6515951,125.8564453125,1.6002731323242188,1.6515934733128788,4.0403289794921875
1503,3.3721344470977783,0.74640036,3.1407647,213.6986083984375,2.1689491271972656,3.1783037707262487,6.9727783203125
1504,2.421149253845215,1.8949958,7.9371367,225.23583984375,7.858833312988281,5.532374237210192,12.328376770019531
1505,1.9685883522033691,2.8016748,8.906754,159.344482421875,8.900215148925781,8.779342078467835,21.65728759765625
1506,3.7983272075653076,0.3326405,0.73911214,133.11865234375,7.909290313720703,1.5111986355576263,3.5905838012695312
1507,3.5921382904052734,0.6947643,1.7300022,220.2119140625,3.9403762817382812,2.740146202305457,7.557525634765625
1508,3.883730888366699,0.26399478,2.346794,101.9979248046875,1.3131523132324219,2.3078693451866883,5.279640197753906
1509,4.244101047515869,0.35680476,2.1352048,470.203369140625,0.36991119384765625,5.513488607850832,13.66461181640625
1510,2.084695339202881,1.386738,6.040321,1443.68017578125,13.664318084716797,6.005139879550239,22.558998107910156
1511,4.31274938583374,0.51089364,1.3647224,81.042236328125,2.979839324951172,1.0202080482394358,1.7576751708984375
1512,3.3483784198760986,2.2859583,11.04599,8.56005859375,4.734928131103516,11.548723332902963,27.780120849609375
1513,3.144564151763916,0.79355115,1.7916131,790.7109375,5.898273468017578,2.937997191251199,4.9807281494140625
1514,3.7694852352142334,0.6657825,1.3557737,104.6533203125,5.077228546142578,5.063827116998176,10.527793884277344
1515,3.2549123764038086,1.2139895,3.2819495,695.091552734375,6.035514831542969,5.905824527666656,14.141265869140625
1516,3.7689852714538574,0.42425862,1.7802261,94.21044921875,4.898773193359375,4.126211707791828,8.813255310058594
1517,3.5073063373565674,0.6000214,1.4374273,102.753662109375,7.462745666503906,2.4420127122620343,5.907478332519531
1518,4.1709699630737305,0.23263407,1.1476696,32.65380859375,2.929309844970703,1.139778736886658,2.6693954467773438
1519,3.191405773162842,0.91351223,2.8469224,992.296875,1.127410888671875,4.3851167399887,11.9124755859375
1520,2.9926869869232178,0.66209483,4.0006795,379.760009765625,4.972965240478516,2.990531196920511,7.141448974609375
1521,2.884533405303955,0.9262435,1.9250753,76.378173828125,16.500080108642578,0.9495304474083923,3.2167510986328125
1522,2.9231717586517334,0.90144205,3.244354,192.803466796875,2.7471580505371094,0.8394739869348484,1.4008331298828125
1523,4.515751838684082,0.671343,4.6198997,13.851806640625,0.7366485595703125,6.784711697373609,16.2042236328125
1524,4.351819038391113,1.559028,8.482324,23.6181640625,3.8547210693359375,9.131098078048907,21.916732788085938
1525,3.0988259315490723,0.5084197,2.17793,130.6568603515625,2.251190185546875,1.4177329406362205,3.0575942993164062
1526,3.2400872707366943,0.47868475,1.0522678,81.88330078125,7.628963470458984,2.70344789190942,5.771171569824219
1527,2.3136892318725586,0.96736366,1.4537873,151.763427734375,10.291465759277344,1.993821167438938,4.975456237792969
1528,2.521958351135254,0.81015855,1.37473,312.193359375,11.919864654541016,0.2631074070659025,0.315948486328125
1529,3.8824000358581543,1.0587202,4.500816,47.503173828125,4.059703826904297,7.599604745235254,17.612838745117188
1530,1.4634597301483154,2.553394,10.814135,48.48974609375,11.962905883789062,6.012102416076928,13.9287109375
1531,4.352203845977783,1.4398718,5.9064994,30.165771484375,3.789947509765625,5.446397271288525,13.313827514648438
1532,3.880732536315918,1.0770112,3.926606,325.018310546875,1.8192329406738281,5.86693179131165,14.349014282226562
1533,3.6422879695892334,0.5274314,3.231111,207.833984375,2.542583465576172,1.0847330950606917,2.6663970947265625
1534,4.031075954437256,0.80066633,4.4032364,38.6378173828125,1.1476402282714844,4.437557359897269,11.394424438476562
1535,4.156731128692627,1.1609646,5.387169,806.500732421875,3.1334991455078125,3.602320140053269,12.121917724609375
1536,4.569781303405762,0.19690162,1.9857035,77.2572021484375,2.542430877685547,3.9705251369006227,8.614395141601562
1537,1.1048870086669922,2.315977,8.457121,85.5926513671875,10.810306549072266,2.344439166944408,6.7957916259765625
1538,3.516144275665283,0.30801034,2.1832538,132.9481201171875,2.5685462951660156,1.1877509845093215,2.5867233276367188
1539,3.0835373401641846,1.499515,5.596662,92.17236328125,8.161632537841797,7.139776311128692,15.984687805175781
1540,4.10022497177124,0.8806696,2.3965323,200.3623046875,2.3574676513671875,3.8370170791111278,9.149276733398438
1541,3.7685532569885254,0.6357704,3.60718,30.0150146484375,2.4362716674804688,2.216644957642817,5.720802307128906
1542,2.08148193359375,1.5903581,7.3403873,216.186279296875,5.454685211181641,4.788316991247484,9.69647216796875
1543,3.251309633255005,0.7269396,2.772375,145.35107421875,2.874462127685547,0.1945980378533534,0.35686492919921875
1544,4.596588134765625,0.2756236,0.37822902,39.3184814453125,0.3300285339355469,0.7558546005868543,1.72119140625
1545,3.8083207607269287,0.5255453,1.4694803,338.470703125,2.415813446044922,6.831404201212369,14.566436767578125
1546,4.058315277099609,0.45160165,1.8104613,212.75439453125,12.254371643066406,4.136124972220102,8.471809387207031
1547,2.9540629386901855,1.3946518,3.2265608,39.754638671875,6.26531982421875,5.025275723281119,11.077278137207031
1548,3.1632115840911865,0.7311571,1.5023019,247.45166015625,11.01131820678711,1.1996412394743956,4.122184753417969
1549,3.8150110244750977,0.33040676,1.0991831,100.896728515625,0.9043235778808594,0.8581457789912861,2.0281600952148438
1550,3.062016487121582,1.204474,8.450922,1356.1541748046875,5.378459930419922,3.331722708985815,14.078926086425781
1551,3.911484718322754,0.8247836,1.4578881,1079.620849609375,5.021575927734375,1.6336646260748182,2.8600082397460938
1552,3.271190643310547,0.22718738,0.96504855,128.8699951171875,2.439495086669922,3.2384851799442558,7.435935974121094
1553,3.896244525909424,0.554647,2.5705087,122.47412109375,6.961658477783203,3.640425555146237,10.573768615722656
1554,3.4767191410064697,1.7957331,6.723805,333.998291015625,12.395282745361328,11.871938011558843,28.36066436767578
1555,2.8791275024414062,0.74352026,3.609878,217.7303466796875,0.48340606689453125,1.4663003747274672,2.771392822265625
1556,3.8033766746520996,1.3083905,2.9308481,1086.739501953125,2.892803192138672,0.07363457866305367,0.35060882568359375
1557,2.5996553897857666,0.8491728,2.4878109,1266.99365234375,1.4327621459960938,3.062516885319134,6.2746734619140625
1558,4.0353240966796875,0.410441,0.62536323,267.484619140625,3.459522247314453,2.5314358368724896,4.3108062744140625
1559,4.519582271575928,0.4995673,3.594336,23.857421875,2.0666351318359375,2.439781065799174,7.615242004394531
1560,3.270726203918457,1.2757072,3.4076004,1841.3736572265625,12.062736511230469,8.10241506574111,27.75475311279297
1561,1.5382037162780762,3.3503315,9.298337,169.284912109375,9.877052307128906,10.171083479834852,26.995521545410156
1562,3.813868999481201,0.97758895,4.7048235,34.17919921875,4.129062652587891,3.3903974511232278,8.120086669921875
1563,4.063797473907471,0.37220135,1.8951429,207.223388671875,1.6578941345214844,3.633024795869744,8.032180786132812
1564,3.700695514678955,0.5674874,2.0292332,593.0888671875,4.776664733886719,2.652926098505244,7.8813629150390625
1565,2.807025671005249,1.2008334,8.365394,1535.751708984375,1.3459091186523438,2.4988547555107345,13.656829833984375
1566,3.8113696575164795,0.5103926,1.6710235,183.0694580078125,0.7713737487792969,3.3775174383059756,7.682624816894531
1567,3.2158353328704834,0.75680035,2.7094543,240.9166259765625,0.4328193664550781,0.9911766520329728,3.1946029663085938
1568,4.347784996032715,0.38430205,2.4032156,24.763427734375,1.0144691467285156,3.6983763941120564,8.677482604980469
1569,3.170358180999756,0.5261071,1.6118959,235.233154296875,10.064884185791016,1.572864709234448,3.7982177734375
1570,3.4144997596740723,0.859471,2.8536923,100.59765625,0.6876029968261719,1.7841219796066845,2.0830001831054688
1571,3.688007116317749,1.1356989,6.69298,1423.7354736328125,1.4197311401367188,2.897062629607184,13.80322265625
1572,3.7597134113311768,0.75432366,3.6968572,697.92041015625,9.066276550292969,7.294070575792883,20.299224853515625
1573,4.1770548820495605,0.39396715,1.4087998,80.17236328125,2.198577880859375,1.0503243314225976,3.2131423950195312
1574,3.752389907836914,0.72156286,1.4407088,335.033447265625,7.947410583496094,2.411406158286802,5.393989562988281
1575,3.0388824939727783,1.0206944,2.2743816,517.8095703125,5.841758728027344,0.9754046613000718,1.7502212524414062
1576,4.305575370788574,0.4536192,0.8764304,167.157470703125,1.2798080444335938,1.1269446990174146,1.947296142578125
1577,2.449091911315918,0.7619788,1.9682721,122.718017578125,9.81081771850586,0.750320583788465,2.1530838012695312
1578,2.422438383102417,0.51464957,2.2101674,14.637451171875,2.6472396850585938,2.6960234367209175,5.971527099609375
1579,3.9131712913513184,0.88388866,4.3147764,435.3116455078125,0.6871719360351562,0.10749366895731072,1.9069595336914062
1580,3.3644418716430664,0.7660926,4.4686337,300.80615234375,2.2413368225097656,7.026788227461555,16.436813354492188
1581,3.89251446723938,1.1388646,4.6554456,273.022216796875,5.857032775878906,6.439414828686942,14.751350402832031
1582,3.068305253982544,1.319659,4.4539576,50.93505859375,15.435379028320312,7.653644571955962,16.243309020996094
1583,4.138307571411133,0.9428331,3.061399,426.982421875,7.033222198486328,3.5286261232365845,7.017616271972656
1584,2.3408265113830566,2.5059059,9.801067,40.573974609375,8.152801513671875,8.237780678757101,19.661285400390625
1585,3.3242027759552,0.5331584,1.4444,63.170166015625,8.123725891113281,3.0750621899540675,7.495445251464844
1586,3.5056214332580566,0.49964294,1.0986242,80.971435546875,6.9781646728515625,2.0713630085388175,4.1064910888671875
1587,3.3379578590393066,0.4924085,1.410182,332.240966796875,3.1834945678710938,4.092597459646434,9.652839660644531
1588,2.4220452308654785,1.3893954,12.144012,1368.837158203125,5.259605407714844,5.451094831432609,20.637649536132812
1589,4.251725196838379,0.8240995,6.566192,113.2421875,2.1017913818359375,7.021741439332143,18.066062927246094
1590,3.9178123474121094,1.8511673,4.5255117,764.65673828125,3.465984344482422,4.862712458690481,11.296836853027344
1591,4.148470401763916,0.4743829,2.3044424,282.64794921875,1.9803009033203125,3.6909881718876676,6.7194061279296875
1592,3.693326473236084,0.4371543,1.4589682,408.494384765625,1.4126358032226562,2.492199797677685,7.4533233642578125
1593,2.6640374660491943,1.2297941,3.6946204,1060.29541015625,0.5009193420410156,5.783993461101378,12.24493408203125
1594,3.6363887786865234,0.62107575,1.1024606,309.06005859375,3.0388259887695312,3.6156087422764926,6.617729187011719
1595,3.7265450954437256,2.0511086,6.7839775,15.121337890625,5.541034698486328,8.44408612986782,21.620986938476562
1596,1.8661569356918335,1.4964033,10.506404,1491.9666748046875,0.7616043090820312,0.739274677352121,9.202781677246094
1597,3.0769498348236084,0.71104044,1.976236,12.345947265625,4.510807037353516,5.22870903596025,10.682350158691406
1598,4.18745231628418,0.52278155,3.2033606,140.5775146484375,4.4623565673828125,3.471482572474656,7.219444274902344
1599,4.102480411529541,1.170381,7.431887,351.5743408203125,13.41384506225586,2.716328042434469,2.79278564453125
1600,1.7855134010314941,2.2308006,9.366915,43.0274658203125,12.325263977050781,3.2036269239816875,12.612762451171875
1601,4.288908004760742,0.7596061,3.525583,184.7996826171875,0.9208869934082031,3.0352402438219244,6.500373840332031
1602,4.413486003875732,0.2673942,1.2351981,365.52685546875,1.0998115539550781,3.9260333427362575,9.856597900390625
1603,3.583840847015381,0.52344817,2.8096776,17.485595703125,4.1159820556640625,3.9014378068511384,9.019966125488281
1604,3.943707227706909,1.0483863,2.7206535,346.474853515625,5.612495422363281,2.9651144420438342,6.786872863769531
1605,3.991842031478882,0.8095533,2.6438715,181.6025390625,6.225856781005859,3.179954759120772,7.4386444091796875
1606,2.9377400875091553,0.47215524,1.2880275,85.498046875,5.439975738525391,3.2760920821395842,6.668083190917969
1607,3.249924898147583,1.7239741,3.5450978,771.809326171875,2.7053375244140625,8.137262709390779,16.778526306152344
1608,3.3280811309814453,0.9383773,4.8721223,158.976806640625,1.7558364868164062,0.27342273058137323,0.20499420166015625
1609,2.465003490447998,0.9775663,4.1008086,37.1871337890625,4.13299560546875,1.704719702432623,3.1189804077148438
1610,2.9008405208587646,1.267174,7.3508186,43.037841796875,10.997200012207031,4.806677536313124,11.745460510253906
1611,3.026542901992798,1.2437338,6.2555065,1578.8436279296875,1.8384742736816406,2.4859505029114857,11.236763000488281
1612,3.508878469467163,0.5342162,2.478808,341.048828125,5.4595489501953125,3.2001272675539774,8.694450378417969
1613,3.836293935775757,0.95061153,2.4009516,478.483642578125,4.013805389404297,1.4712570117112485,2.701507568359375
1614,3.475431203842163,1.0334224,2.3602772,262.93701171875,6.157451629638672,2.274091883126779,5.09918212890625
1615,4.124382972717285,0.28634855,1.262888,15.4554443359375,1.7080841064453125,2.2846546750081167,5.621437072753906
1616,3.702376365661621,0.34241438,1.2940555,23.20654296875,6.481235504150391,2.4641260991930096,5.976127624511719
1617,4.265433311462402,0.31118533,1.0330094,183.155029296875,2.4629898071289062,0.5447253678707504,1.5442733764648438
1618,2.3367836475372314,0.89493227,1.9642853,154.879638671875,10.167369842529297,1.2713400764479417,5.031883239746094
1619,3.8967084884643555,0.3902497,2.304184,245.869873046875,0.6511077880859375,3.6928892887472706,9.409797668457031
1620,3.9945969581604004,0.7106485,1.9136837,171.756103515625,9.290580749511719,0.04362700656114171,0.12261199951171875
1621,3.055220603942871,0.55506045,1.1544409,486.035888671875,9.179817199707031,1.2754258436537356,2.2346038818359375
1622,2.6865768432617188,0.7962632,4.8673916,94.512451171875,1.081268310546875,3.3963160995816786,6.652366638183594
1623,3.5242955684661865,1.129074,6.4431033,647.2174072265625,2.7149429321289062,3.835901788992551,5.0692138671875
1624,3.456146001815796,0.66181165,4.447443,164.0025634765625,2.2400245666503906,2.943059350730813,7.164985656738281
1625,4.275791168212891,0.55812174,1.8952813,9.41748046875,4.518791198730469,0.001990363347669444,1.8734283447265625
1626,3.875403881072998,0.68743587,2.8160477,62.151123046875,4.186332702636719,1.1376881406576906,3.0716934204101562
1627,3.4278481006622314,0.33381903,1.161249,105.3385009765625,0.025287628173828125,2.628953560949153,6.3804168701171875
1628,1.4762542247772217,2.5965662,10.940432,64.7437744140625,9.87026596069336,3.148018655977708,10.104202270507812
1629,4.536655426025391,0.5148183,3.001405,3.269775390625,0.6079788208007812,1.925864012296337,5.6866912841796875
1630,3.7536256313323975,0.5017346,1.4680979,337.178955078125,8.611122131347656,4.099020210695151,8.259605407714844
1631,3.1025309562683105,0.78217316,3.194925,119.170166015625,2.442310333251953,1.1874150986535064,3.86614990234375
1632,2.8401315212249756,1.1633749,7.1478934,1499.30908203125,4.4147491455078125,3.4531398198738863,13.864875793457031
1633,4.381389617919922,1.1847543,4.089098,69.617431640625,1.510833740234375,11.069577897251047,26.748329162597656
1634,4.034087657928467,0.5998803,1.7870121,233.911865234375,0.6525802612304688,0.3438199270503297,0.8774261474609375
1635,1.9368700981140137,1.5341252,5.3876905,64.31103515625,2.797985076904297,2.313283196504969,5.0041656494140625
1636,2.4634077548980713,1.0565143,2.4161787,246.7685546875,14.022819519042969,1.1090599866142625,4.8671722412109375
1637,4.3673248291015625,0.8592484,3.618452,409.560791015625,1.6905403137207031,4.069841864073517,11.765274047851562
1638,2.8662772178649902,0.56405896,1.6956785,142.4521484375,9.649547576904297,0.8114682188456257,3.8326568603515625
1639,3.5693275928497314,0.60938793,1.6147432,460.548583984375,2.1319923400878906,5.366233061542037,11.686553955078125
1640,3.847378730773926,0.42499104,1.2839341,272.305419921875,3.5285911560058594,1.593206980043366,3.9261093139648438
1641,4.024497032165527,1.3445164,8.120194,200.4853515625,8.973758697509766,7.983903698148282,19.044189453125
1642,2.2288246154785156,1.9092631,8.534483,401.541259765625,12.094505310058594,6.3415368334155815,13.338020324707031
1643,3.1158084869384766,1.0597596,4.517638,1793.620361328125,0.8954620361328125,3.936499954221727,13.724235534667969
1644,4.624350547790527,0.23913534,1.840725,115.31787109375,0.8270072937011719,2.185700537708861,5.483451843261719
1645,3.2307868003845215,0.4256018,1.8070577,88.940185546875,6.776416778564453,4.027212677026252,8.310562133789062
1646,1.167129635810852,2.9208078,12.852785,536.4068603515625,11.978836059570312,4.547503356711868,8.953411102294922
1647,3.7817695140838623,0.6604477,3.278938,6.476806640625,5.119087219238281,5.123968313621422,11.974838256835938
1648,4.028265953063965,0.27364323,1.5153493,74.9886474609375,1.9785804748535156,0.081781492793354,0.0155792236328125
1649,4.045614719390869,0.80997556,2.4626076,78.3994140625,6.513828277587891,5.00414200588941,13.768722534179688
1650,3.932408571243286,0.71218055,5.177735,453.08642578125,4.457958221435547,6.145433227005082,15.701011657714844
1651,1.8353517055511475,3.1260033,9.423549,337.144287109375,7.617023468017578,6.924906275500501,20.97917938232422
1652,3.7503750324249268,0.9745353,3.5171604,56.72021484375,4.177589416503906,5.50267004642442,12.271522521972656
1653,3.2019712924957275,0.6735063,3.7273946,138.355224609375,4.8381805419921875,4.999798437389746,12.505996704101562
1654,3.624479293823242,1.4457694,4.285787,165.153076171875,8.748191833496094,3.6340897711362707,10.252464294433594
1655,3.9817678928375244,0.9106141,3.1869607,500.48876953125,6.351905822753906,2.012980008615621,5.7255096435546875
1656,2.870269775390625,0.91739845,2.971736,34.229248046875,1.5972061157226562,4.888591379513734,10.923187255859375
1657,2.5902392864227295,2.1518252,8.529346,153.789306640625,12.935417175292969,5.964757836634501,12.738357543945312
1658,4.36024284362793,0.6916895,2.9600194,286.08544921875,6.740062713623047,1.1725011920656527,1.8166046142578125
1659,4.392483711242676,0.8291344,7.109652,11.406494140625,2.487232208251953,8.726939752344823,19.79077911376953
1660,3.0934317111968994,0.8638986,3.779901,0.4669189453125,2.4121627807617188,0.7580090269210586,1.5122451782226562
1661,3.8142037391662598,1.1656078,6.978492,1182.7623291015625,5.485424041748047,4.6300927128123455,17.83580780029297
1662,3.2558627128601074,1.7024932,12.404015,467.321044921875,11.996849060058594,10.949118812450298,27.07630157470703
1663,3.9701266288757324,1.3203906,2.796647,438.349853515625,1.1144943237304688,9.121126263224543,20.853424072265625
1664,3.478419303894043,1.1516623,6.758227,2292.564453125,11.44342041015625,7.290493291958672,22.65613555908203
1665,4.317422389984131,0.8633463,3.681612,126.041748046875,5.662555694580078,1.8128703372550241,5.096611022949219
1666,3.939385414123535,0.6245193,1.5401349,753.297119140625,6.678718566894531,2.985761456179741,8.322563171386719
1667,3.9002058506011963,0.8142617,3.8007233,330.89794921875,0.7205886840820312,2.6216949868183548,3.4719085693359375
1668,3.811037063598633,0.62143964,2.819007,80.2154541015625,1.8652572631835938,2.8981410120877342,7.3718109130859375
1669,3.7815027236938477,0.4227688,2.152614,29.3302001953125,0.26190185546875,1.4386938516474466,4.140594482421875
1670,2.4314334392547607,0.74277097,5.3856735,385.3372802734375,3.292327880859375,0.11678744403799612,2.1747207641601562
1671,3.099952220916748,0.7699774,2.3527474,286.9306640625,1.6056785583496094,0.18427797078323138,2.7113265991210938
1672,4.227116107940674,0.4826517,2.3272595,135.3404541015625,1.7888336181640625,2.2261855245310542,5.0728302001953125
1673,3.1500391960144043,0.87813807,3.8757358,82.900634765625,5.061298370361328,4.502199942580074,9.23162841796875
1674,1.6614530086517334,1.2325946,7.4977217,15.7320556640625,3.6452598571777344,4.269825435493381,9.655975341796875
1675,2.74661922454834,0.9912302,1.5063697,37.02587890625,17.23053741455078,3.232832806888485,7.365623474121094
1676,4.058035850524902,0.73133856,1.9653754,332.978515625,6.917766571044922,1.9837866949543113,2.5901336669921875
1677,4.3043107986450195,1.0511571,5.7860746,260.3101806640625,7.490627288818359,3.2135373672646246,3.907073974609375
1678,2.2388927936553955,1.3835393,12.066765,1698.3778076171875,8.393169403076172,6.942240670440892,23.720569610595703
1679,3.5002827644348145,0.81232643,2.5264795,388.8671875,1.8971099853515625,2.6478366838215557,6.927650451660156
1680,3.7863869667053223,1.22508,4.4691486,1564.1240234375,12.412132263183594,10.42830068461036,30.041793823242188
1681,4.0691986083984375,0.73068595,3.2527916,400.3245849609375,3.6440086364746094,2.4097764976251206,7.4918670654296875
1682,4.592466831207275,0.20662731,0.9663411,26.062255859375,1.9675445556640625,0.526543319409793,1.1828689575195312
1683,3.0843558311462402,1.1423941,6.1109643,1526.9071044921875,6.511425018310547,4.861435707032964,18.583084106445312
1684,4.1416015625,0.5724565,1.6058248,351.445556640625,3.524456024169922,2.6525050123585423,6.770027160644531
1685,3.3806755542755127,1.6155185,6.482931,474.43896484375,4.774635314941406,3.8436170392027798,8.485393524169922
1686,2.9780471324920654,0.7552046,2.3262303,599.1279296875,6.6656951904296875,1.8369309100286912,1.26885986328125
1687,1.336825966835022,2.6600397,11.023274,331.5977783203125,10.241111755371094,3.9508971328904785,8.075775146484375
1688,3.139772415161133,1.1523471,7.4486666,1531.9312744140625,12.317028045654297,5.370218991476449,19.317413330078125
1689,2.439462661743164,1.307989,5.6514673,335.099609375,1.9609184265136719,4.516134828981013,9.126541137695312
1690,3.608731746673584,0.72321445,4.8200684,561.7286376953125,0.7088050842285156,3.441407136659244,6.0155792236328125
1691,4.593082427978516,0.28184012,1.4904764,32.264892578125,1.6514854431152344,2.7157069198514634,6.516059875488281
1692,4.3348469734191895,0.70987517,3.4436035,117.981201171875,6.0122833251953125,5.5905324735186674,14.033645629882812
1693,4.0527448654174805,0.44541702,1.6208713,152.725830078125,2.705120086669922,2.8190639431995344,6.410118103027344
1694,3.490628242492676,0.5652053,1.2652678,101.8564453125,8.320598602294922,0.9994894446407976,5.4987945556640625
1695,4.102379322052002,0.63086385,2.6490774,175.927978515625,2.487506866455078,1.9008511837374655,3.8044052124023438
1696,1.860163927078247,1.6556644,6.3588533,119.950927734375,7.363166809082031,2.8194523743948174,6.3515777587890625
1697,4.163843154907227,1.283525,4.4934287,48.98779296875,6.4370880126953125,8.188808937066458,20.65802764892578
1698,4.261196613311768,0.4740417,1.953422,548.75244140625,4.687767028808594,5.753279837011256,14.019371032714844
1699,4.223804950714111,0.4253293,1.3794031,45.036865234375,8.345993041992188,0.8769164642435356,1.1480255126953125
1700,3.9573469161987305,0.5230641,1.4446306,15.180419921875,1.3959884643554688,5.511469265758297,12.136024475097656
1701,3.439157724380493,0.7231024,2.3063474,145.633544921875,2.5415000915527344,0.609307620485275,2.1064300537109375
1702,4.102776527404785,0.6698014,1.9925277,38.57421875,5.3549652099609375,0.929540395990621,0.1766510009765625
1703,3.719503402709961,0.48440585,2.6238,404.750732421875,3.513507843017578,5.091752007533245,11.617538452148438
1704,3.895219087600708,1.7379681,3.3604224,1333.36962890625,0.5440940856933594,3.3440946402989518,6.7838287353515625
1705,2.9260008335113525,1.2689911,6.594951,998.384033203125,2.3810577392578125,3.1812289024196687,14.050186157226562
1706,2.810838460922241,2.5536172,14.008011,20.253173828125,11.929367065429688,7.961139945091208,23.82628631591797
1707,4.412059783935547,0.8118842,3.1227882,364.41845703125,1.9103355407714844,0.34268370900766243,0.1307525634765625
1708,2.3894577026367188,1.0648423,1.9367435,41.651123046875,8.962661743164062,0.9789387860433649,0.558013916015625
1709,2.802180767059326,0.51457804,3.2274742,224.60302734375,7.638050079345703,0.4132628593278511,1.8831634521484375
1710,2.8278958797454834,0.6765514,2.154738,453.783447265625,9.472213745117188,1.2536757252032515,2.0398178100585938
1711,2.9253437519073486,0.6731407,1.0288697,39.277587890625,8.93862533569336,0.8626189723037143,2.5282974243164062
1712,3.346649408340454,0.43598092,2.3075593,137.2728271484375,7.4694061279296875,2.869747308593368,7.646781921386719
1713,3.3723061084747314,1.6913913,6.3938265,536.005859375,2.2289810180664062,3.9917125430521345,10.582649230957031
1714,2.871469259262085,0.5183947,1.3524935,107.86376953125,0.6978874206542969,2.7195970178946034,7.387847900390625
1715,3.2584288120269775,0.61342734,4.8043995,426.8466796875,0.6238479614257812,1.0443177234565226,4.106689453125
1716,2.6643314361572266,0.78170204,5.1166863,124.418212890625,9.6881103515625,2.454100913661293,7.50860595703125
1717,1.9417812824249268,0.88445693,3.6191921,252.8682861328125,0.7311553955078125,0.09056940050329132,0.55999755859375
1718,2.280792474746704,1.4863843,1.9864111,382.58349609375,10.583614349365234,0.17976408332772564,2.07452392578125
1719,3.973947048187256,1.1006185,2.8843918,313.13232421875,4.3967742919921875,4.397005618141623,9.7886962890625
1720,4.171010494232178,0.37724182,1.0050706,228.48876953125,0.4587821960449219,1.6901823412567722,1.8707275390625
1721,3.497276782989502,1.2272025,6.723975,80.7850341796875,2.506195068359375,2.1648657629788204,6.014579772949219
1722,3.8829174041748047,0.65594393,1.6275,158.4150390625,7.955352783203125,1.846655929793485,1.2795791625976562
1723,3.9409255981445312,0.8395932,1.972405,169.552001953125,5.392307281494141,3.7610847065135466,7.463172912597656
1724,4.310795783996582,0.21893041,1.7467728,74.0545654296875,6.128421783447266,1.2914043113088418,2.3618316650390625
1725,3.1821341514587402,2.021886,7.2813463,549.041015625,4.729198455810547,3.2175121933071225,7.9615325927734375
1726,4.492758274078369,0.32545754,0.7405403,321.62060546875,1.6211700439453125,0.3756184404872869,0.422393798828125
1727,4.4031219482421875,0.33368364,2.1919634,119.4169921875,2.392803192138672,2.138526480740584,5.568702697753906
1728,4.443294048309326,0.57731444,1.5646833,293.525634765625,1.7955436706542969,0.6315003580059866,0.09606170654296875
1729,3.3685038089752197,0.45911893,2.670702,189.8671875,1.0651016235351562,2.957710386935805,6.800270080566406
1730,4.629340171813965,0.08780819,0.32397133,67.002685546875,0.4716758728027344,0.47672295770947315,0.3131561279296875
1731,3.6907427310943604,1.6679147,11.932653,312.322265625,9.098148345947266,10.49605152302571,24.001564025878906
1732,4.154538154602051,0.9589865,6.544788,280.4814453125,4.303642272949219,6.869059252290768,16.922584533691406
1733,4.501366138458252,0.47513983,2.6114988,158.0599365234375,1.8009605407714844,1.5231055563056977,3.7288131713867188
1734,3.1112377643585205,1.184498,8.488117,1291.3385009765625,3.123779296875,5.228028670473918,16.645835876464844
1735,4.564703941345215,0.19347234,1.4169003,96.9287109375,0.09251022338867188,1.3737894283635192,2.9275360107421875
1736,4.077538967132568,1.2584659,7.062639,168.97705078125,7.883953094482422,8.556640126768276,19.055465698242188
1737,4.273996353149414,0.60172117,3.807158,108.7197265625,4.66009521484375,3.1106399631471824,8.031936645507812
1738,3.0382702350616455,1.2793096,8.029197,1483.461669921875,12.017719268798828,7.969220466969357,26.042831420898438
1739,3.522183656692505,1.5986913,4.506463,221.48291015625,6.871120452880859,4.6501645518561965,10.82513427734375
1740,3.403676986694336,0.8246159,1.7831771,42.4248046875,12.755744934082031,3.245940462385697,8.112777709960938
1741,4.161727428436279,0.44216475,2.324399,14.74609375,0.042926788330078125,3.8117240296416526,8.687667846679688
1742,3.5768179893493652,1.2288798,3.2686114,637.650390625,0.8432693481445312,4.996392681151324,11.892570495605469
1743,3.468189001083374,0.5417658,1.2889894,9.654052734375,3.698444366455078,3.1091793908346332,6.607078552246094
1744,3.038233518600464,1.4861407,4.193746,913.9765625,3.419574737548828,2.398456095974435,2.0767974853515625
1745,3.6010091304779053,1.1698155,4.680375,1558.0699462890625,1.6435661315917969,4.238330534576704,15.579933166503906
1746,3.7446794509887695,1.2746464,6.768485,1375.1163330078125,4.101657867431641,5.932459121114462,20.26195526123047
1747,3.8861303329467773,0.5773543,3.4591236,431.08349609375,2.3737258911132812,7.469543588814613,16.72625732421875
1748,2.275933265686035,0.8813936,1.3134041,61.06103515625,12.215579986572266,0.059867742151407555,0.018585205078125
1749,3.8386013507843018,0.59906983,2.994967,203.8603515625,3.9136962890625,1.1755209891051592,5.085235595703125
1750,1.824758768081665,2.5247943,6.9869165,14.4052734375,12.295146942138672,9.114971877794286,21.261695861816406
1751,1.3611576557159424,3.1712296,8.822067,34.806884765625,16.402271270751953,7.409518058657454,17.661598205566406
1752,4.181512832641602,0.58340585,0.9582932,166.10302734375,6.33441162109375,0.02287524434857957,0.8774795532226562
1753,4.093879699707031,1.0538149,5.6045995,477.01806640625,5.483386993408203,6.031433628358908,15.549301147460938
1754,4.351387023925781,0.44939575,1.6625113,80.756591796875,0.18003463745117188,1.7702727150376525,5.736915588378906
1755,2.7073910236358643,0.81881696,4.89543,296.3697509765625,7.237571716308594,2.1429400307433575,6.507896423339844
1756,3.277111768722534,1.2435335,5.692544,1297.60595703125,4.482139587402344,5.531500995207356,17.489418029785156
1757,4.289684295654297,0.6810386,2.8029752,254.7525634765625,4.820671081542969,0.7091290581098946,0.5536346435546875
1758,3.003349542617798,1.010352,2.0077379,52.201416015625,15.776561737060547,0.7676057032442394,3.7715682983398438
1759,3.6009116172790527,0.5910444,0.7515317,468.214111328125,10.78338623046875,2.526366524221608,5.127021789550781
1760,4.0874247550964355,1.1219519,3.3298223,455.954833984375,0.5093460083007812,6.099662012327009,14.471107482910156
1761,1.315588355064392,2.606741,9.9023075,143.45751953125,10.816734313964844,3.744133195435083,10.376396179199219
1762,3.9037649631500244,0.68269795,3.850861,335.209716796875,2.7136154174804688,4.435284180954749,9.563858032226562
1763,3.22601056098938,2.2165277,9.224433,146.13916015625,11.16476821899414,8.248811771711097,20.659957885742188
1764,1.5911548137664795,2.504053,13.276465,26.92724609375,12.35539436340332,6.230467746051925,14.652080535888672
1765,4.0318732261657715,1.1541696,2.03681,649.239501953125,7.888179779052734,3.8007868245855576,7.936164855957031
1766,4.078278541564941,0.5219583,1.7988847,260.000732421875,3.4825897216796875,8.334246077887556,17.994056701660156
1767,4.354730129241943,0.37055063,0.98625743,208.507568359375,3.7782058715820312,1.5016422489824564,3.0102310180664062
1768,1.2005010843276978,2.4158952,8.377815,22.0404052734375,8.04159927368164,4.449007665256879,14.448173522949219
1769,3.914987087249756,0.7436809,3.199932,27.028076171875,0.7526473999023438,2.984689501989145,7.167236328125
1770,2.5181047916412354,0.74433756,3.3046868,186.8526611328125,4.0640716552734375,0.5478201885855647,2.6077194213867188
1771,3.4602982997894287,1.1653196,3.745288,381.47509765625,1.1291885375976562,0.6100492381800677,1.6716079711914062
1772,2.1357574462890625,1.291474,3.8074446,1849.7286376953125,12.727554321289062,4.861423121674097,20.79058837890625
1773,2.4056708812713623,2.3746965,11.77904,375.03759765625,11.877193450927734,5.855502418064386,15.115516662597656
1774,1.4105150699615479,2.9505851,15.304794,161.98779296875,13.54214096069336,8.24968532540315,21.022476196289062
1775,4.227616310119629,0.8668639,3.8825266,71.18359375,0.08296585083007812,6.617451154503655,15.289787292480469
1776,3.874802589416504,0.46902275,2.399653,445.17138671875,0.5246467590332031,5.497406342340156,13.110359191894531
1777,3.8254027366638184,0.5208594,4.0427637,211.1376953125,4.527797698974609,6.098170870238661,15.465770721435547
1778,4.332667827606201,0.22153533,1.0508566,254.233642578125,1.27777099609375,2.0905089231829237,4.357566833496094
1779,1.858250617980957,1.3813095,7.2386713,310.783447265625,12.849346160888672,1.9331382974979263,6.460197448730469
1780,3.816046953201294,1.218789,4.7449408,1537.0263671875,7.243152618408203,4.843440191203047,17.212539672851562
1781,3.8602547645568848,0.6223368,2.7939277,17.5540771484375,4.247779846191406,3.0063395255979515,7.46337890625
1782,3.9817047119140625,0.50176793,2.0134573,62.4853515625,5.559604644775391,0.453781726748808,4.279693603515625
1783,4.30033016204834,0.8066624,4.0260587,199.45947265625,0.14495468139648438,4.141711295712472,11.134437561035156
1784,4.284797668457031,1.2647322,5.654516,382.876953125,0.22983169555664062,6.555048164872485,15.53656005859375
1785,3.766529083251953,0.6072202,3.3510137,187.6705322265625,4.128082275390625,4.305243833725552,12.543266296386719
1786,3.0451462268829346,0.49084747,3.4133186,640.65478515625,0.4440803527832031,3.0662503820528,9.372581481933594
1787,3.359095573425293,1.2014183,5.4177394,1541.8258056640625,6.175815582275391,5.100286481247011,18.944740295410156
1788,4.624418258666992,0.56494504,2.733684,28.66650390625,0.4619293212890625,3.982493435015016,9.360496520996094
1789,1.5157170295715332,3.1009037,14.512213,45.133056640625,24.071338653564453,9.079065184657203,22.657779693603516
1790,3.216217517852783,2.3411357,12.050051,100.088623046875,7.097755432128906,9.94856529297343,23.718280792236328
1791,4.389139175415039,1.4626588,4.0548506,140.529541015625,2.8795700073242188,9.885664113121617,22.65228271484375
1792,4.367478370666504,0.6033941,1.0279822,433.7265625,2.908802032470703,0.5592003357603055,0.888031005859375
1793,4.356386661529541,0.46970347,1.8894397,139.78564453125,3.7037582397460938,1.0269045259555298,2.7459793090820312
1794,2.2083933353424072,0.89094824,2.3990583,162.0614013671875,6.3269805908203125,0.7009515954842485,2.124847412109375
1795,2.615568161010742,2.1451273,14.1967535,136.151123046875,7.446144104003906,7.5413870425843115,20.213714599609375
1796,4.520166873931885,0.38806248,2.1442924,131.2314453125,0.8622703552246094,2.797669821613294,5.1985321044921875
1797,2.8408589363098145,0.6865106,3.3331976,3.1031494140625,1.052581787109375,0.2767261675767685,1.078033447265625
1798,2.795224666595459,1.1000192,7.858238,1466.886962890625,0.24612808227539062,2.128544561293321,11.538299560546875
1799,3.816807985305786,1.2117981,2.4512348,583.8330078125,4.417488098144531,0.7376414464099526,2.6098709106445312
1800,2.514704942703247,0.88389176,2.602716,25.35302734375,6.08111572265625,2.2122071495647546,5.587493896484375
1801,4.301473617553711,0.5466301,3.5898323,176.089599609375,5.961505889892578,3.3319523199242482,8.368118286132812
1802,4.024141311645508,0.71794814,3.063471,82.760986328125,1.9148139953613281,3.5526983828285275,9.286376953125
1803,3.014695167541504,0.6105671,4.7483034,346.348388671875,1.268096923828125,4.874905709911324,12.352783203125
1804,2.24950909614563,1.3704966,5.6881533,117.90673828125,8.329757690429688,3.7945754151347835,9.476837158203125
1805,3.8250951766967773,0.9614988,3.7747064,100.423828125,0.9720573425292969,1.703983413894946,6.0183258056640625
1806,1.6785907745361328,1.4227449,4.6097317,113.6671142578125,3.6993942260742188,0.983967468176175,2.2287368774414062
1807,4.154714107513428,1.2043248,4.4340286,588.605712890625,0.39728546142578125,2.449126532802964,5.91204833984375
1808,3.533292531967163,0.6279817,2.826314,77.41357421875,3.641033172607422,3.3633511102318856,9.634994506835938
1809,3.3134939670562744,2.099295,8.216014,154.981689453125,6.751853942871094,5.953735743348098,14.718635559082031
1810,4.192724227905273,0.34540045,2.3994918,174.35205078125,1.3976402282714844,3.885207566938572,9.806854248046875
1811,2.472979784011841,1.1325995,5.033311,142.407958984375,3.2623519897460938,4.223969301876419,9.9239501953125
1812,4.195350646972656,0.36485264,1.2074131,398.91357421875,4.5924835205078125,5.540695052620929,12.360298156738281
1813,3.7814126014709473,1.5919155,5.3176274,443.63818359375,6.2669677734375,7.022837972691303,14.241683959960938
1814,3.7704660892486572,1.112912,3.103573,231.34619140625,3.8952980041503906,3.212506609777268,7.167640686035156
1815,3.727973461151123,1.1477464,7.5585403,1679.6201171875,6.806240081787109,6.207506514310083,21.699073791503906
1816,4.3030500411987305,0.575607,3.5757875,9.1744384765625,0.6252937316894531,2.883409107373822,6.702117919921875
1817,3.8676249980926514,0.5994299,3.7666514,149.7672119140625,3.202850341796875,3.631605818403063,8.305252075195312
1818,1.081547737121582,4.2097945,21.975128,112.080810546875,21.845264434814453,16.00751970372605,41.658077239990234
1819,4.5111083984375,0.7322516,4.9691787,177.5390625,1.91607666015625,6.294744677105175,14.232215881347656
1820,2.96451735496521,1.1816443,8.4173155,1674.310791015625,2.91815185546875,5.958893898221856,17.60942840576172
1821,4.557590484619141,0.7800432,2.890319,20.876953125,5.4165191650390625,4.15079618955259,9.240821838378906
1822,3.4249916076660156,0.53208846,1.9488701,8.908935546875,4.155788421630859,1.863783240444807,4.917671203613281
1823,3.3553049564361572,1.0219035,3.3397593,230.513671875,2.6358795166015625,0.17163852478428865,0.0870208740234375
1824,3.627840518951416,0.708479,3.3922951,49.97265625,8.701004028320312,1.3960981540329733,4.238639831542969
1825,4.254929065704346,1.0882269,6.162265,280.774169921875,5.806575775146484,6.831428923610993,18.29041290283203
1826,4.289012908935547,0.26573074,1.4993438,128.06640625,4.617671966552734,1.7096155763446426,4.567268371582031
1827,2.8472437858581543,0.81377035,2.4477954,568.2373046875,12.319686889648438,1.9410155647064293,3.79803466796875
1828,3.820570707321167,0.47226247,0.9210657,33.1826171875,10.81601333618164,3.10079901362241,5.528251647949219
1829,4.517127513885498,0.4142659,1.6221662,112.904052734375,0.042278289794921875,1.8058567478468532,3.6681289672851562
1830,3.871744155883789,1.9423445,6.103268,195.630859375,9.393047332763672,8.059538237854724,19.58404541015625
1831,3.5793702602386475,0.58778197,1.0577145,245.265380859375,4.452705383300781,1.7312883753852404,4.4738616943359375
1832,3.2850003242492676,0.52535903,3.0775976,152.126708984375,6.375522613525391,1.7416882583069437,6.885353088378906
1833,3.691636800765991,0.6576682,1.5015676,227.338623046875,3.8238677978515625,0.8800741116536202,2.7397232055664062
1834,1.391347885131836,2.5644424,13.826061,165.5198974609375,16.23177146911621,6.808355333902192,15.638130187988281
1835,4.204253673553467,0.6152801,2.4665835,82.479248046875,2.1006240844726562,0.7759254593191471,4.897705078125
1836,3.971926689147949,1.6626459,5.4806595,112.139404296875,7.0463409423828125,9.363675956782561,21.700607299804688
1837,3.2550835609436035,1.2443161,10.463315,1154.2686767578125,6.367633819580078,12.371299814620667,29.849380493164062
1838,2.9661717414855957,2.1463187,9.055039,511.721923828125,7.847694396972656,4.591554052130405,9.797248840332031
1839,4.251316547393799,1.288764,6.5125275,36.566650390625,2.8377532958984375,5.318701312222874,12.734695434570312
1840,3.4558234214782715,0.81139773,3.40919,267.9571533203125,3.5010986328125,1.5025399308734535,2.5066986083984375
1841,2.658461809158325,1.5367554,6.958268,328.296142578125,12.591255187988281,7.304590568020345,17.51966094970703
1842,4.422235012054443,0.73672366,2.3013005,69.060546875,0.2911567687988281,5.1323410126567275,11.998886108398438
1843,2.0759589672088623,1.0982604,2.895566,123.1124267578125,9.226448059082031,1.5080051955132276,4.820610046386719
1844,4.271115303039551,0.25432017,1.0139163,81.852783203125,1.2873077392578125,0.5779683687942878,2.185791015625
1845,3.7953598499298096,2.0851343,7.8200173,0.831298828125,10.756210327148438,9.022382648439493,22.396331787109375
1846,3.0887415409088135,0.6713392,3.4775977,551.84423828125,15.010932922363281,3.57012923044395,9.0289306640625
1847,3.5015745162963867,0.9640506,1.7393315,225.111328125,8.888565063476562,1.39560099589173,3.8861923217773438
1848,3.4832942485809326,0.47279537,1.0402468,190.97509765625,8.751338958740234,2.420714362279554,4.5502166748046875
1849,3.472782611846924,1.0625564,7.1016855,1479.8619384765625,3.1086158752441406,2.5755692600372306,11.517631530761719
1850,3.7813823223114014,0.85661954,4.624518,364.968017578125,4.379451751708984,1.552820653453555,4.189933776855469
1851,3.905337333679199,1.0522323,5.096146,1041.483642578125,3.257892608642578,4.807737116833476,14.052108764648438
1852,2.7000274658203125,2.0396984,7.165812,188.875,10.83492660522461,7.348772994496414,15.347396850585938
1853,3.3906707763671875,1.1671306,3.9858618,77.734375,0.18773651123046875,5.364882741538903,14.558433532714844
1854,3.4406070709228516,1.9505819,8.498073,227.107177734375,7.545307159423828,10.044296843594939,23.65436553955078
1855,4.182151794433594,0.703367,3.287539,164.08642578125,5.108802795410156,1.9528791466784448,3.3547439575195312
1856,3.260928153991699,0.4351146,0.8217453,187.5888671875,7.105709075927734,1.1606527054789382,1.53045654296875
1857,3.392601728439331,1.120828,7.403256,1284.0079345703125,5.0772705078125,5.685707398004585,20.158096313476562
1858,3.5281243324279785,0.5440236,1.513072,204.498046875,4.882038116455078,1.39599019335245,3.7795333862304688
1859,4.185396671295166,0.8499988,4.324914,789.913330078125,0.48175811767578125,1.047154735529496,2.3699417114257812
1860,3.4668033123016357,0.55210197,1.8791933,100.792724609375,9.176868438720703,1.3467036052756676,3.111328125
1861,2.682069778442383,0.9770274,2.4277973,39.78955078125,11.121002197265625,2.6484534402912736,6.446022033691406
1862,1.9449703693389893,1.57897,5.9497375,50.01416015625,6.318397521972656,1.9627096690162702,4.914756774902344
1863,3.3222720623016357,0.8914214,2.3815174,543.3369140625,4.361671447753906,4.370399973202428,10.971595764160156
1864,3.34137225151062,0.43860126,2.8042245,299.385986328125,7.605297088623047,4.332499565531769,11.399032592773438
1865,3.8454127311706543,0.27546427,1.7920442,106.391845703125,5.0342254638671875,1.8021264617022723,4.431343078613281
1866,4.181094646453857,1.4135796,6.7232776,274.095703125,1.6453781127929688,6.068465543685164,14.568283081054688
1867,1.4402815103530884,0.90699005,7.0509615,517.1265869140625,7.187431335449219,3.320438099685852,10.324760437011719
1868,4.352695941925049,0.62327236,1.8829517,111.4697265625,0.5804824829101562,1.8587087022181699,5.862541198730469
1869,3.414410352706909,0.43878016,1.6333512,23.58935546875,3.265727996826172,3.114108294407867,7.421363830566406
1870,4.600263595581055,0.10014862,0.8047169,70.099609375,11.803436279296875,0.12799853349301316,0.4053497314453125
1871,4.355198860168457,0.65786535,3.771517,233.31787109375,0.5657005310058594,3.108354388336007,6.694000244140625
1872,3.661492347717285,0.3357059,2.5741851,152.0654296875,5.955543518066406,3.085928985570284,7.8624114990234375
1873,3.689631223678589,1.0954415,4.0575185,1352.54296875,6.922782897949219,6.066639305726305,18.182113647460938
1874,4.013197898864746,0.4749502,1.9846506,103.37646484375,0.7497634887695312,3.8553249573510016,7.6460113525390625
1875,1.751395344734192,1.6221852,9.370555,22.2724609375,10.258251190185547,4.6337226270520055,12.31045150756836
1876,4.6051225662231445,0.34810373,3.1765928,69.976318359375,0.00655364990234375,3.3749274113847214,7.790374755859375
1877,3.6621315479278564,0.46316728,1.5206687,10.818359375,9.886871337890625,3.8671828353544306,9.384658813476562
1878,2.237623691558838,0.7410646,2.7641177,322.505859375,7.74603271484375,2.0924422152974245,6.608543395996094
1879,3.2225818634033203,0.73464584,1.7940474,323.540283203125,6.687023162841797,0.5819260327682301,0.8464584350585938
1880,4.075048446655273,0.83496934,2.3482049,536.00732421875,3.458343505859375,1.606646123220429,1.5282135009765625
1881,2.9185609817504883,1.2738959,6.9191613,1251.8516845703125,2.2549819946289062,2.7981379498417276,13.645095825195312
1882,2.5539000034332275,0.8273509,2.8680496,405.517578125,5.649871826171875,1.7876656510280533,4.4607086181640625
1883,3.3668670654296875,1.0285205,3.1444879,324.724853515625,4.0565643310546875,1.7361133639705066,3.02960205078125
1884,4.057101726531982,0.7210024,2.6055484,138.683349609375,3.1760902404785156,5.50529540001979,12.282173156738281
1885,3.1987814903259277,0.6218473,3.2126968,75.1324462890625,3.142730712890625,1.6284238937228395,4.125480651855469
1886,3.9970381259918213,0.50602835,3.4427216,591.703857421875,5.003028869628906,9.985633334086401,22.69226837158203
1887,3.9603209495544434,0.31830436,1.4534347,117.8367919921875,5.898677825927734,0.051991083956458795,0.6111297607421875
1888,3.8028528690338135,0.42304906,1.4348902,163.64404296875,9.265655517578125,4.015607500366734,9.152603149414062
1889,3.474745273590088,0.76419735,2.1733701,201.239013671875,10.763736724853516,5.192405342614187,12.222213745117188
1890,3.937624931335449,0.26917937,0.9913372,176.210205078125,4.8162994384765625,0.3259018899729469,0.6055450439453125
1891,3.194458246231079,1.2568916,8.986478,1466.8553466796875,6.266998291015625,7.470499049560264,25.20135498046875
1892,4.475362777709961,0.9709185,0.95374143,954.64404296875,0.10223770141601562,1.7340533184919806,3.1102218627929688
1893,3.624725818634033,0.42270508,2.0431998,41.989501953125,5.039684295654297,3.272085771731632,7.032188415527344
1894,3.871095895767212,0.5679694,2.250854,120.006591796875,7.449459075927734,0.20600508593330247,2.170684814453125
1895,2.1834473609924316,2.4134805,6.3647175,1439.681640625,6.665248870849609,5.103074683753292,9.163902282714844
1896,2.5114095211029053,0.84978896,5.0168066,83.210205078125,10.157875061035156,2.326524801469237,7.0915374755859375
1897,3.760497808456421,0.50466967,2.1478035,171.7509765625,11.095405578613281,5.200818758140475,11.110450744628906
1898,2.5178136825561523,0.59457535,3.0019934,159.7755126953125,11.312507629394531,4.565498172437806,10.527359008789062
1899,3.2727572917938232,0.5489624,2.3244886,51.47900390625,12.348785400390625,0.6504647270154607,3.3923721313476562
1900,3.9822237491607666,0.59088695,3.3560984,28.58447265625,1.6982154846191406,8.737687200063384,19.408737182617188
1901,4.319633960723877,1.1181431,4.9494686,240.04638671875,6.507698059082031,1.3187549547689557,6.907569885253906
1902,2.114523410797119,1.3280263,8.943383,1521.4146728515625,7.8549652099609375,4.484475510407883,16.57648468017578
1903,1.058422327041626,3.971522,20.15824,114.85888671875,14.816535949707031,6.357033085411732,21.52074432373047
1904,2.8617336750030518,2.4226344,7.468409,372.04345703125,13.00201416015625,5.550319307587873,15.543624877929688
1905,3.9757308959960938,0.6350779,4.852595,96.155029296875,2.762340545654297,6.988798796103133,16.345993041992188
1906,4.367951393127441,0.80908203,1.6089821,200.011474609375,0.40978240966796875,2.822825802484413,6.875938415527344
1907,3.7505526542663574,0.48602918,3.28813,309.005126953125,1.6489601135253906,5.0015658180021205,12.033096313476562
1908,3.575636386871338,0.4701573,3.299301,13.6923828125,1.1442832946777344,1.2842205926758723,2.7303543090820312
1909,4.053216934204102,1.1382753,4.54677,122.2255859375,3.4584197998046875,5.886344789994311,13.460285186767578
1910,2.2334890365600586,1.592672,5.522403,91.5438232421875,8.655929565429688,2.1250995919030764,7.297538757324219
1911,3.8291590213775635,1.1060964,4.5030317,1702.0828857421875,4.715232849121094,5.833426457753777,20.59099578857422
1912,4.442979335784912,0.42507616,1.3007581,48.190673828125,1.7202987670898438,4.571622918787455,10.257904052734375
1913,3.787966728210449,1.2661327,3.9550228,231.21923828125,1.9524650573730469,3.2179107772787567,8.749137878417969
1914,3.3768866062164307,0.98775953,5.1640143,156.439697265625,6.744384765625,2.4792307016325594,8.5721435546875
1915,4.270787239074707,0.437031,3.6726758,530.090576171875,0.8455696105957031,3.936969121816947,11.536941528320312
1916,4.49998664855957,0.7608669,3.6934624,7.20654296875,0.22962188720703125,2.8122036389357845,7.528556823730469
1917,3.6569173336029053,0.50284815,1.5120786,178.286865234375,4.180107116699219,1.1858627694395238,3.0511474609375
1918,3.41819429397583,1.1402678,1.7098696,417.440673828125,7.2553253173828125,3.9490146219370637,7.296440124511719
1919,3.1895382404327393,0.89434433,1.8304693,90.738037109375,17.057178497314453,0.8881148294499042,3.0897979736328125
1920,3.9283316135406494,1.4093,4.698086,85.790283203125,4.25238037109375,8.436684978745973,19.396453857421875
1921,2.9183878898620605,0.6445587,2.5389776,3.827392578125,9.512035369873047,0.6294965895234199,0.579559326171875
1922,3.8631162643432617,0.68591326,2.2744122,82.6201171875,6.758392333984375,2.765988858222311,6.364997863769531
1923,3.524024724960327,0.68139726,1.6648718,93.09326171875,5.420162200927734,2.5763893375499514,4.584693908691406
1924,3.537536382675171,0.46071517,1.1546372,167.7705078125,7.2931671142578125,0.209707138372611,0.0969696044921875
1925,3.0635690689086914,0.81074804,1.7969348,126.4443359375,10.778743743896484,0.9707582562920933,0.430023193359375
1926,3.91658091545105,0.90870017,2.6945188,296.013427734375,4.4634246826171875,1.0058190497448862,1.9384078979492188
1927,3.535871982574463,0.55237365,2.802142,8.80517578125,1.9756393432617188,7.113960953362291,15.69964599609375
1928,2.984797239303589,2.0884492,7.3297153,263.533447265625,10.853500366210938,9.392960961549711,21.61231231689453
1929,3.0099387168884277,1.0932709,2.7049208,657.245361328125,11.292182922363281,1.2438207511466572,2.0696487426757812
1930,2.096585988998413,1.0441288,5.8349133,801.5018310546875,6.681285858154297,1.929593449210902,7.795616149902344
1931,2.701495409011841,0.57088524,1.9759247,219.986572265625,5.613857269287109,3.3556078041128394,7.193901062011719
1932,4.013728618621826,0.36086944,1.4123446,228.042236328125,9.305011749267578,1.2362288468605058,3.2721023559570312
1933,2.7002816200256348,1.3954166,11.417663,1221.359375,9.09903335571289,8.055427436520919,24.201541900634766
1934,3.243032932281494,1.0140164,2.8795795,34.947998046875,1.1985511779785156,1.5101233883468872,6.051551818847656
1935,3.8250675201416016,1.552853,6.4246225,107.74462890625,4.958099365234375,6.095282671157097,14.148277282714844
1936,2.649914026260376,1.0537969,4.8616066,93.0252685546875,10.678642272949219,8.23669035700378,20.747833251953125
1937,3.1923067569732666,0.7429536,2.0210018,76.739013671875,10.211963653564453,1.1798129496344565,1.442474365234375
1938,3.3158481121063232,0.4425609,3.0671792,338.476806640625,5.8734588623046875,2.8207854849754987,8.502479553222656
1939,3.8478362560272217,0.8734891,2.663351,118.48876953125,2.9666709899902344,2.2601083539296205,4.841972351074219
1940,3.362640857696533,2.5132449,10.059252,293.451904296875,4.686290740966797,7.806100149976519,18.098838806152344
1941,4.531407356262207,0.64335835,2.1937127,72.5419921875,0.20466232299804688,2.7060968658656144,6.7884674072265625
1942,3.213057518005371,1.0449681,1.9128774,372.102783203125,9.680793762207031,0.6138814353378592,1.5131149291992188
1943,4.283413887023926,1.2024175,2.8645315,892.838623046875,10.496719360351562,5.782606267567584,16.9248046875
1944,2.56323504447937,1.0371362,3.7239141,88.1485595703125,2.9169158935546875,2.762385894330894,7.0380401611328125
1945,4.474982738494873,0.1463733,1.2418029,88.531005859375,1.2553863525390625,0.9461670011422854,1.409423828125
1946,1.574481725692749,2.9842942,9.123779,1362.57177734375,7.788219451904297,5.725051151006646,15.358512878417969
1947,3.163195848464966,0.69332653,1.5871365,39.0269775390625,2.899372100830078,0.4278237986816471,1.0263595581054688
1948,1.134781002998352,3.6216338,11.625604,477.636962890625,10.758792877197266,3.850830405834163,11.483001708984375
1949,4.410229206085205,0.33103275,1.9373866,63.9068603515625,2.18426513671875,1.6804632476987713,4.17120361328125
1950,3.221848249435425,1.3696314,4.9589243,37.487548828125,7.572845458984375,6.919368987338316,16.832984924316406
1951,1.2737363576889038,3.467661,12.18402,48.715576171875,15.730567932128906,8.534380033309727,22.08890151977539
1952,2.9625844955444336,2.340552,9.631499,171.4188232421875,10.575565338134766,7.853434148141723,17.399871826171875
1953,4.180938243865967,0.69164246,2.6786067,272.0615234375,3.9207229614257812,1.4506742881165486,3.9690093994140625
1954,4.368253707885742,0.46898815,3.4483433,461.74853515625,1.707305908203125,7.1332676118350165,17.6888427734375
1955,3.587630033493042,0.467373,1.2517691,49.4306640625,10.309562683105469,2.8615962379631377,6.9849395751953125
1956,4.361637592315674,0.5958393,2.5160015,12.25390625,5.323272705078125,2.8736204424066614,5.822967529296875
1957,3.0847809314727783,0.56360775,2.3249207,180.6065673828125,3.059032440185547,1.2747039751696008,3.0293731689453125
1958,4.435681343078613,0.49983153,2.774434,57.3212890625,0.7971725463867188,3.078501621032153,7.0316619873046875
1959,2.4052908420562744,0.49480352,3.4348443,287.64990234375,5.095981597900391,0.514705602289041,2.4365997314453125
1960,3.6931588649749756,0.3895575,1.7088778,141.015625,5.411811828613281,3.009603923843155,6.7825927734375
1961,3.9220616817474365,0.52887815,3.946701,583.237548828125,1.39837646484375,6.817283335801822,16.098526000976562
1962,4.13306999206543,0.40573287,0.85170126,153.877685546875,7.900302886962891,2.8890619987947552,5.444122314453125
1963,3.720447301864624,0.42979142,2.7159848,163.0550537109375,1.7332839965820312,1.1097916783222423,1.77276611328125
1964,3.2168922424316406,0.8148156,5.3636537,147.44189453125,7.279247283935547,2.299221567848061,6.29034423828125
1965,3.4719700813293457,1.409062,4.7036424,239.53173828125,6.741111755371094,2.370554550595905,4.5852508544921875
1966,2.0994131565093994,1.3469242,4.317947,66.481201171875,3.6607742309570312,3.8002848605729262,8.861541748046875
1967,3.0427770614624023,0.5388307,1.974976,205.198486328125,6.326698303222656,4.2367678263222075,10.018470764160156
1968,4.198066234588623,0.41686973,3.629475,229.5037841796875,4.949897766113281,3.068773029746911,7.585296630859375
1969,3.445666551589966,1.172886,5.717732,1328.3179931640625,6.7276458740234375,1.894823180679765,10.263023376464844
1970,4.3006911277771,0.35174823,0.745532,271.8818359375,2.0932540893554688,0.5743317458446704,0.376251220703125
1971,3.110438823699951,0.5245635,3.970212,626.34375,4.8109130859375,5.876226010178549,16.799728393554688
1972,4.471779823303223,0.2038976,0.8138301,214.474365234375,1.6203041076660156,0.18617305322628397,1.4303665161132812
1973,3.4739797115325928,0.57526875,2.8715086,119.8961181640625,3.9511184692382812,2.996968365224461,7.701995849609375
1974,3.6173999309539795,1.2409197,5.8732543,1477.3372802734375,14.409717559814453,11.015884867647909,31.226303100585938
1975,3.610301971435547,1.2012781,10.172802,620.893310546875,8.534374237060547,9.708825782339527,24.34998321533203
1976,3.7668917179107666,1.6632143,6.7420416,689.332763671875,6.915668487548828,7.0608402699531005,17.751937866210938
1977,3.1062257289886475,1.2410043,5.3540583,1035.13134765625,3.0110206604003906,4.677590724842883,16.51190185546875
1978,3.5447423458099365,1.465057,10.081229,70.43994140625,6.232776641845703,7.752476906230935,17.88495635986328
1979,3.5034842491149902,1.3648287,5.0147142,166.851318359375,7.199413299560547,3.5887130476951192,8.300270080566406
1980,2.782177686691284,0.9163229,2.2051036,62.66064453125,9.963356018066406,2.3640774961833912,4.8029632568359375
1981,3.340820789337158,1.3452797,10.681352,1556.4034423828125,7.255931854248047,9.537717001793254,28.39117431640625
1982,3.6271018981933594,0.7593026,4.679645,107.49267578125,9.39556884765625,4.737736088421855,10.473396301269531
1983,2.6530299186706543,0.68087584,1.5334995,103.257080078125,14.333934783935547,2.0906661350850833,3.99163818359375
1984,3.9343111515045166,1.3057798,5.500024,133.973388671875,8.782695770263672,11.115645543521758,25.55657196044922
1985,4.05646276473999,0.29744807,1.8551954,140.744873046875,0.4090995788574219,1.0946487433901204,2.56512451171875
1986,3.396843433380127,0.50724083,0.7774186,96.1865234375,8.80118179321289,0.16596083584175858,0.8756103515625
1987,3.9582149982452393,0.7332263,2.8153617,2.255615234375,6.375270843505859,2.292695564602358,2.9774703979492188
1988,4.26092529296875,0.46104562,1.6091042,196.2257080078125,1.0300674438476562,1.9657451088813538,4.6698760986328125
1989,3.9249188899993896,1.9804907,8.1354265,42.501708984375,5.71087646484375,7.382230639412896,18.675308227539062
1990,3.783463716506958,1.2203246,6.2236376,1728.20556640625,7.069606781005859,7.70942765005638,24.211219787597656
1991,3.4609262943267822,1.0230402,4.0489607,65.314208984375,9.730072021484375,7.285006445483823,15.168182373046875
1992,2.940774917602539,0.8885863,3.281822,319.441650390625,3.0458450317382812,0.03832060296612738,1.1773834228515625
1993,3.727508306503296,1.0657631,5.9139314,1694.836181640625,5.052059173583984,5.050100859292034,18.48371124267578
1994,3.8917598724365234,0.8722312,2.8220108,180.4942626953125,1.0474777221679688,0.9819148307534036,1.8419113159179688
1995,3.3136558532714844,0.5167365,1.0767148,250.853515625,6.731842041015625,3.4000746620621918,6.7489471435546875
1996,3.973356008529663,0.73563987,1.1581422,270.680908203125,8.289810180664062,0.7034781939083885,0.8009872436523438
1997,3.2861454486846924,0.5115688,1.5535727,115.925537109375,8.013599395751953,3.1749877037973384,7.4876556396484375
1998,2.8854994773864746,0.611949,1.3994472,268.949951171875,6.054981231689453,1.3410449317151105,3.6186904907226562
1999,3.5536916255950928,1.0888647,3.4364514,1239.1973876953125,4.0152435302734375,1.4177156580224626,7.6514434814453125
2000,3.799771785736084,0.7341836,5.1371546,77.76953125,1.5766372680664062,5.4431122408714465,13.606887817382812
2001,3.48154616355896,1.6266828,6.0766845,276.9166259765625,4.476009368896484,6.627732292953315,15.427154541015625
2002,2.1956534385681152,0.8148301,1.669594,55.70703125,4.372776031494141,2.5628188203457114,5.596366882324219
2003,4.257367134094238,0.6195571,1.8435793,520.73193359375,0.8547325134277344,4.010188435162458,7.624351501464844
2004,1.44475257396698,3.0709336,12.3620825,26.617919921875,15.061973571777344,11.175908142820518,26.9989013671875
2005,4.123739242553711,0.38654128,2.2062683,143.833251953125,9.88516616821289,1.754566747888063,8.999290466308594
2006,3.836310625076294,0.90946823,4.3622437,141.502197265625,1.7914810180664062,2.9496742873009936,8.546440124511719
2007,3.8912734985351562,0.66613483,3.1550634,109.285888671875,2.2847251892089844,3.591200584373837,9.019180297851562
2008,2.647895336151123,1.2314109,7.205893,1408.447509765625,4.928897857666016,5.247138632391447,22.005874633789062
2009,3.710381031036377,0.28583696,2.1750054,60.3477783203125,0.7060203552246094,0.11641254931322109,0.3969573974609375
2010,4.27127742767334,0.9530695,5.529648,46.3199462890625,1.3176422119140625,4.197376405990692,9.195404052734375
2011,3.483661413192749,2.0592892,6.727961,50.356201171875,9.58746337890625,7.564680821822503,18.1888427734375
2012,2.2502686977386475,0.93116903,3.8003378,94.9444580078125,7.843074798583984,0.40782574790036463,2.5426483154296875
2013,1.0601075887680054,4.033176,21.464727,8.848876953125,25.681724548339844,10.412753791032422,27.40515899658203
2014,3.5126283168792725,0.6986287,4.6432548,248.725830078125,3.4270477294921875,1.1120772363606868,1.7999496459960938
2015,3.608483076095581,0.5287482,1.0649718,4.77734375,7.207511901855469,0.061641788097567485,0.20843505859375
2016,2.874464273452759,1.2984282,1.8570578,896.265869140625,2.3810272216796875,1.6842325739424453,3.095001220703125
2017,2.8819403648376465,0.9034222,1.479718,452.172607421875,4.875022888183594,1.7868913825694541,4.757537841796875
2018,2.5720462799072266,1.6615716,5.4801035,78.323486328125,9.318336486816406,1.7501724389655564,6.041313171386719
2019,3.428114175796509,0.48476133,1.6147875,322.904052734375,11.455070495605469,1.500284240225632,4.566246032714844
2020,3.6407575607299805,0.642265,2.261509,149.096923828125,3.6928482055664062,2.964982818925286,5.97802734375
2021,3.129037380218506,1.5693222,5.4579067,141.9224853515625,9.512531280517578,5.369927236866872,12.151390075683594
2022,2.456759214401245,0.9734719,2.9513333,650.25439453125,3.6817893981933594,2.3743655598921727,6.7702178955078125
2023,1.6347068548202515,2.7749119,9.294592,169.994873046875,15.677505493164062,5.184874921682621,15.58990478515625
2024,3.3631980419158936,1.3487564,10.217773,1290.5379638671875,3.5655899047851562,4.760145654053549,18.661766052246094
2025,2.574925422668457,0.8971866,1.3714963,94.360595703125,15.81142807006836,0.07144037435122641,0.35204315185546875
2026,3.9262332916259766,0.5852831,5.3667803,21.442626953125,0.5671844482421875,5.595292768365049,11.753730773925781
2027,3.139310359954834,0.7371276,4.049319,290.5430908203125,6.3468475341796875,5.011110824058022,11.418731689453125
2028,4.434944152832031,0.62701243,4.4197717,0.3265380859375,0.41216278076171875,3.3688286247373966,7.7921905517578125
2029,4.3678998947143555,0.73348767,2.3248143,349.997314453125,5.290107727050781,7.075591556341209,18.733734130859375
2030,2.2032506465911865,0.9768066,3.125897,318.9951171875,10.123367309570312,4.331092337237312,10.70330810546875
2031,3.4366273880004883,2.1208293,3.947763,21.81201171875,11.083511352539062,17.087132539154847,39.80891418457031
2032,2.6635656356811523,0.56403315,2.8545063,0.73583984375,8.124080657958984,2.1878927979235456,5.423271179199219
2033,3.4971604347229004,0.57226056,2.3074112,457.26904296875,9.077590942382812,4.490215732422129,11.352714538574219
2034,2.8173987865448,1.9943738,6.3328567,77.7666015625,16.81075668334961,8.011654385413006,18.71495819091797
2035,3.6285877227783203,0.6922207,3.3585079,18.603271484375,3.7749900817871094,3.6363552363852314,8.022872924804688
2036,4.413738250732422,0.6570284,3.9273548,115.4952392578125,5.867359161376953,4.440715348558278,11.147926330566406
2037,3.4413530826568604,1.3455595,5.9099226,1334.9290771484375,7.536323547363281,5.7630262011219315,20.03936767578125
2038,3.0567946434020996,0.52762526,1.9552339,330.2919921875,8.82940673828125,3.6155481421082776,8.979652404785156
2039,4.281930446624756,0.8670669,2.8838859,215.5391845703125,0.4246940612792969,0.8874001326793319,1.6930923461914062
2040,3.456237554550171,1.0227146,3.6475234,189.55712890625,12.17885971069336,0.6733369023676126,0.7183456420898438
2041,4.198744773864746,1.0891839,3.140802,111.108642578125,4.072265625,2.759684980824325,6.9969940185546875
2042,2.465937376022339,0.49780774,2.430044,171.96826171875,8.665596008300781,2.4719819058263184,5.725532531738281
2043,4.152641773223877,0.7195619,3.7294872,34.465576171875,2.7740859985351562,5.253142813379807,11.940422058105469
2044,3.79840350151062,1.9120617,9.544037,98.737060546875,9.824153900146484,7.242560951012425,18.604713439941406
2045,3.8880035877227783,0.3054216,1.9982502,280.2451171875,3.3785057067871094,4.103855800778582,9.557121276855469
2046,4.1019392013549805,0.2989983,2.7109716,322.11279296875,1.4614830017089844,3.8745381480424115,9.888420104980469
2047,2.8457863330841064,1.3203392,2.922955,205.493408203125,9.73397445678711,1.2250117499858888,0.700103759765625
2048,3.537454605102539,0.3476206,2.620303,158.158203125,7.566028594970703,3.5142776909856046,8.865745544433594
2049,2.3600847721099854,0.47718665,0.99553514,118.63720703125,10.4332275390625,3.0886296361529624,6.655830383300781
2050,1.4650969505310059,1.9724585,9.57608,117.473876953125,7.702655792236328,1.9182860411902993,6.468536376953125
2051,4.145135879516602,1.3040373,2.0968432,149.9453125,3.7686691284179688,8.652480896620489,21.877120971679688
2052,3.458587408065796,0.6567023,0.9549863,50.9072265625,9.668113708496094,0.6049887378789904,0.49364471435546875
2053,3.7605082988739014,0.29740575,1.5625792,3.906005859375,3.803730010986328,1.1868670920194155,2.7833175659179688
2054,2.446877956390381,1.3623685,7.875457,171.2269287109375,9.243473052978516,5.824482294378569,12.754745483398438
2055,3.3365113735198975,1.2602963,1.7973564,235.87744140625,8.68069839477539,2.6111313333027475,6.658775329589844
2056,4.306011199951172,1.028414,2.5802774,155.588134765625,0.264678955078125,0.0860828678838601,0.70965576171875
2057,2.743101119995117,2.201401,11.509958,48.43212890625,7.804496765136719,8.067938143075708,19.46308135986328
2058,1.0521502494812012,3.5938003,11.696673,83.848876953125,17.437210083007812,2.8399722156356333,10.944171905517578
2059,3.9222264289855957,0.66326314,1.7811037,394.35498046875,2.80242919921875,0.782511549045676,1.5444793701171875
2060,3.4730658531188965,1.1690137,6.436187,1568.3367919921875,5.5377655029296875,3.640515090663836,18.47132110595703
2061,4.278533935546875,0.37692475,0.9940961,54.70654296875,6.6671295166015625,1.341183639195247,1.7188262939453125
2062,4.31143856048584,1.0759217,4.5296063,82.138916015625,6.7544708251953125,5.53804634530929,13.317268371582031
2063,4.24069881439209,0.24247503,0.5907413,104.8955078125,9.096855163574219,1.9206623877532607,3.4050979614257812
2064,3.6292431354522705,0.5504757,1.864511,461.797119140625,3.7194671630859375,2.3710293610347364,7.045936584472656
2065,4.403694152832031,0.86771995,2.772398,176.5955810546875,1.0262718200683594,2.8839819663452033,8.374313354492188
2066,3.2938060760498047,0.67956734,2.6441882,161.689208984375,0.18745040893554688,3.832354995331574,8.388359069824219
2067,3.767486095428467,1.0056117,1.6113756,286.7838134765625,5.023841857910156,2.7696882978939534,6.2213897705078125
2068,4.015198707580566,0.9039343,3.8076282,155.765625,1.764556884765625,6.21504502260758,14.267082214355469
2069,3.5279908180236816,0.7420222,1.4900731,125.494140625,4.877723693847656,0.0060628385700916,0.948150634765625
2070,3.845620632171631,0.38964936,2.9264584,161.8040771484375,1.5226821899414062,1.478095861233978,2.26251220703125
2071,3.179133176803589,1.596862,4.283908,443.463623046875,3.2521438598632812,2.8816248144305447,6.499015808105469
2072,3.969959020614624,0.5870455,1.0126488,76.1279296875,5.253334045410156,0.8714304155407113,1.0569305419921875
2073,3.4612178802490234,0.51607937,2.6090672,145.6102294921875,3.353046417236328,0.8883022041166733,2.7636947631835938
2074,1.6158852577209473,2.7418528,10.278935,184.63525390625,13.407989501953125,2.1022330676345717,8.282463073730469
2075,4.298231601715088,0.31366584,2.361467,152.8641357421875,3.2534408569335938,0.974837272032012,3.0616302490234375
2076,3.455929756164551,0.5175101,1.337249,442.341552734375,7.290672302246094,2.3087946708726186,1.867034912109375
2077,4.062702178955078,0.62357765,2.0319133,45.680908203125,2.290576934814453,1.128817479432584,2.461273193359375
2078,3.89247465133667,0.49779332,1.7821206,70.38720703125,4.681758880615234,3.7860289123154054,8.764739990234375
2079,4.3522491455078125,0.4634504,2.8679826,140.7017822265625,3.0574302673339844,1.657435877989073,3.7486038208007812
2080,3.4088237285614014,0.77730584,3.1557677,59.472412109375,1.8021049499511719,3.4725786351688264,6.095283508300781
2081,4.015864372253418,0.64352274,1.4918036,297.84326171875,5.079627990722656,2.3942738668829655,5.37567138671875
2082,4.20616340637207,0.4509324,4.1591525,365.54052734375,4.891105651855469,2.4987592092804363,7.0091552734375
2083,3.736402988433838,1.5891699,3.4341702,488.26708984375,7.356800079345703,2.5255281231257314,5.52691650390625
2084,2.9494426250457764,0.9708769,5.0897136,1264.8955078125,5.464019775390625,3.4602829423655237,13.001380920410156
2085,3.3315556049346924,1.9215344,5.0436187,496.112548828125,8.028575897216797,4.1030547699743,10.994758605957031
2086,3.21706485748291,0.53795666,3.1587229,13.1279296875,3.3315086364746094,3.2984291146202764,8.161949157714844
2087,2.558596134185791,0.92182606,1.7234838,77.7275390625,7.777412414550781,0.5767531036450464,2.8592529296875
2088,3.2490177154541016,2.152056,5.1884146,49.955322265625,6.874370574951172,8.08809005852033,19.787124633789062
2089,4.4171576499938965,1.4525124,4.7671604,184.499267578125,8.292655944824219,4.704795333450736,12.560432434082031
2090,4.001914978027344,0.81398386,4.286024,24.764892578125,4.195068359375,5.68017583809462,13.667953491210938
2091,4.264222621917725,0.353896,1.8501866,94.534912109375,0.6526565551757812,1.1167992881325048,2.0597610473632812
2092,2.3088831901550293,2.5715125,9.77679,498.32373046875,17.667137145996094,11.523244858736842,30.002235412597656
2093,3.2320432662963867,1.1237624,3.9104013,371.2344970703125,4.3743438720703125,1.1295127782829084,2.552337646484375
2094,3.0345089435577393,0.9957609,5.4262156,297.8048095703125,0.10744476318359375,2.955793289781525,5.7325439453125
2095,3.936203956604004,0.33082,0.665911,136.52685546875,9.632888793945312,0.7962351318378964,0.9598312377929688
2096,2.0983059406280518,1.4675726,9.6508665,658.591552734375,7.366905212402344,6.8535941376396,21.649810791015625
2097,2.133593797683716,1.0775411,2.9289713,56.5396728515625,4.494220733642578,1.6432041361228649,4.273590087890625
2098,3.5327367782592773,1.2145514,8.212693,1379.2105712890625,10.29305648803711,6.599440192838234,22.252151489257812
2099,3.618798017501831,1.3526431,3.702528,399.6943359375,8.16790771484375,0.47865702298791035,3.0822601318359375
2100,3.129401922225952,0.58617705,1.8055177,112.863037109375,5.796379089355469,4.172938969833691,9.05029296875
2101,3.271179437637329,1.245375,7.4822273,1240.544189453125,2.3854141235351562,6.2952628771674135,21.39806365966797
2102,3.3690738677978516,0.81833893,2.154965,501.27783203125,1.5309829711914062,1.9877484536680576,4.996856689453125
2103,3.5655996799468994,0.70654875,2.7119913,301.281494140625,5.0392608642578125,3.8549220041155934,8.804039001464844
2104,4.023129940032959,0.8651833,1.3665099,411.487548828125,1.2747344970703125,0.0014453705575192544,0.49292755126953125
2105,2.830950975418091,0.54381555,1.4438598,271.037841796875,6.975543975830078,1.4628365564205374,2.99951171875
2106,3.684596300125122,0.6759753,3.2277966,83.583251953125,4.340431213378906,0.8774226718862863,3.4995956420898438
2107,3.9926304817199707,0.5975553,1.3940617,136.783447265625,10.65268325805664,1.0066955243573723,3.3887863159179688
2108,3.60042667388916,1.2307695,5.0291567,290.026123046875,8.115352630615234,2.8834650383209066,6.625572204589844
2109,4.138778209686279,1.4247179,3.7639394,157.35693359375,7.5308380126953125,10.42989126758993,24.214019775390625
2110,3.679922580718994,0.3146856,0.5136402,121.921142578125,4.175506591796875,1.2065472240052415,2.6632614135742188
2111,3.2710695266723633,1.4434026,4.0265446,264.925048828125,8.348640441894531,7.400875405106081,17.449935913085938
2112,2.1036694049835205,1.9804287,10.138755,143.90185546875,13.293701171875,4.154433273086635,11.346145629882812
2113,3.2438766956329346,1.3617458,10.574873,1637.2867431640625,4.971752166748047,7.277267693436368,25.10626983642578
2114,3.9135489463806152,0.8920869,3.2892418,135.960693359375,2.5654373168945312,0.8460257667734759,2.4755325317382812
2115,4.18648099899292,0.55129033,1.6084473,18.54150390625,3.9602813720703125,2.990595320481063,8.020927429199219
2116,2.6934332847595215,0.6550824,1.0248911,266.834228515625,10.468467712402344,1.5746865901210576,4.5110321044921875
2117,4.269237041473389,0.65655905,3.4553688,202.6243896484375,9.265998840332031,3.282469702725841,7.054100036621094
2118,3.563214063644409,0.6629853,4.056173,91.5589599609375,3.625396728515625,2.3051650037286002,6.4696502685546875
2119,2.323622941970825,2.2223175,10.055326,309.191162109375,7.676555633544922,8.868456794377664,20.973899841308594
2120,4.229545593261719,0.58983564,3.748811,76.530029296875,3.1627540588378906,3.7786120510537913,9.710151672363281
2121,4.161411285400391,0.6527733,2.5125072,290.820068359375,1.2980232238769531,1.4470894923965147,4.008628845214844
2122,4.542593955993652,0.45762444,2.383248,28.2763671875,0.2737846374511719,2.4110459404206246,5.560173034667969
2123,2.8824641704559326,1.2740229,8.3622265,1344.018798828125,4.782909393310547,3.003610612284348,13.902153015136719
2124,1.9180548191070557,2.7270947,13.229106,187.4638671875,11.858818054199219,8.834596854827044,23.270736694335938
2125,3.0448405742645264,0.641842,2.7934918,134.2425537109375,7.013031005859375,1.488190046979554,3.9922027587890625
2126,3.1792588233947754,1.0889881,2.170418,708.609619140625,3.5972442626953125,0.7973716317153183,3.5659027099609375
2127,3.402151346206665,0.4998366,1.738312,90.9921875,8.33566665649414,0.13178487353449597,1.1874237060546875
2128,4.020334720611572,0.68858093,1.0990748,100.637939453125,3.3774032592773438,3.8754971474550963,9.494194030761719
2129,3.5406291484832764,0.49326292,1.0813173,93.68212890625,3.2072792053222656,4.007818158334622,7.761924743652344
2130,2.341660261154175,1.3316516,8.601101,1264.3834228515625,0.5732574462890625,6.277334409388089,19.8800048828125
2131,3.1209394931793213,1.1505617,3.9599195,1522.603271484375,7.578392028808594,6.537059380539272,20.794410705566406
2132,3.9755043983459473,0.3961196,2.4231064,388.4176025390625,3.1829833984375,0.039871155074578724,0.8206634521484375
2133,3.8717005252838135,0.39975962,2.7108252,237.369384765625,6.873847961425781,3.9019026468643396,9.382965087890625
2134,4.520628929138184,0.6622633,2.2485406,4.8232421875,1.2498397827148438,5.497581962384775,13.389007568359375
2135,3.8408262729644775,1.3549608,6.148126,294.56201171875,8.198638916015625,3.508868125381305,13.650825500488281
2136,4.3099565505981445,0.45537266,2.05334,171.564697265625,2.3961639404296875,2.107040176705503,5.607566833496094
2137,3.6381375789642334,0.81033677,3.4611933,526.1829833984375,0.31592559814453125,2.5291996777869166,2.3101348876953125
2138,2.6447486877441406,0.59734553,3.0220249,100.863037109375,12.620594024658203,3.0726107205986253,6.445610046386719
2139,3.668590545654297,0.5515006,1.9489675,21.04248046875,10.39858627319336,2.897317133127629,8.40423583984375
2140,3.856323480606079,0.4998764,0.96581876,89.78076171875,4.993370056152344,0.3833466284827125,0.3468780517578125
2141,2.8414604663848877,1.3944973,10.666481,411.930419921875,7.830211639404297,5.35031965113847,14.344913482666016
2142,1.3220661878585815,2.3876026,9.39656,121.05419921875,11.934318542480469,3.159703130183914,8.939311981201172
2143,2.187375783920288,1.7772818,4.7098494,338.086181640625,6.002677917480469,2.668912422564123,7.2595672607421875
2144,3.262547016143799,1.7406696,9.896966,253.468017578125,8.091064453125,4.9938808456354735,12.452194213867188
2145,2.6816463470458984,1.764403,3.6813488,746.56884765625,2.7939186096191406,3.3413864296832756,4.4900665283203125
2146,4.077761650085449,1.1673807,5.8347034,66.599609375,5.0719757080078125,5.789218874287187,14.67340087890625
2147,3.541011333465576,1.5206105,5.852675,70.166748046875,10.449874877929688,6.381095583086868,15.682571411132812
2148,4.514517784118652,0.4075844,1.2910182,109.4375,1.0667839050292969,0.6885774095182029,1.3573455810546875
2149,1.8042196035385132,2.5975943,13.9281,58.2784423828125,14.245185852050781,5.961927573532208,15.167922973632812
2150,3.7780840396881104,0.6734006,1.5823313,374.158447265625,0.202545166015625,0.04876687562374116,0.6008682250976562
2151,3.695841073989868,0.80537105,2.862069,64.70556640625,6.395988464355469,1.2786236904669082,3.7162628173828125
2152,1.7710545063018799,2.6204336,13.477466,301.771484375,12.683013916015625,8.641667991356087,23.710617065429688
2153,4.435282230377197,0.4385244,1.2465535,23.3544921875,1.5988502502441406,0.2296546688272123,1.2894287109375
2154,4.153991222381592,0.31573796,1.220809,199.9931640625,9.258796691894531,0.348919367687742,2.094512939453125
2155,3.730327606201172,0.4281102,1.250201,141.61376953125,9.688690185546875,0.13781803705177964,0.8769989013671875
2156,4.108757019042969,0.55448884,2.6460059,715.28955078125,1.6824951171875,2.8525962841384747,9.127975463867188
2157,4.407387733459473,0.57127506,2.3795395,133.45849609375,1.1600341796875,0.6081161212569199,0.9605941772460938
2158,4.0574750900268555,0.641956,2.5313683,181.376708984375,0.06356048583984375,4.12386445955374,8.997001647949219
2159,3.0116002559661865,2.0155544,7.784626,52.253662109375,10.843368530273438,9.215419805523112,21.92074966430664
2160,3.767857074737549,1.0816187,8.020396,1770.3421630859375,0.6784477233886719,5.598686626058665,21.144882202148438
2161,3.1741578578948975,1.3009825,8.802852,1553.7734375,1.7958717346191406,3.737445529407921,15.883743286132812
2162,3.418346643447876,1.0195999,2.862446,40.0718994140625,4.025718688964844,1.3975489178805383,3.4646682739257812
2163,1.8065743446350098,2.2909048,9.319325,189.43603515625,7.996265411376953,6.87307710928215,14.721206665039062
2164,4.384275436401367,0.6025653,1.2224736,28.086669921875,2.4140777587890625,6.217009781853147,14.075897216796875
2165,2.71173357963562,1.6447374,4.6765537,272.676513671875,8.463882446289062,7.910290367441679,18.42505645751953
2166,4.269435882568359,1.0110036,10.640668,218.5394287109375,1.9207305908203125,8.754483446241832,18.69483184814453
2167,4.070411682128906,0.87812185,5.904819,38.081298828125,1.2077522277832031,4.5208744203286635,11.207252502441406
2168,3.8328864574432373,1.5435375,4.8092737,417.829833984375,4.537036895751953,2.842984330328317,7.2044677734375
2169,3.478637456893921,0.5585677,3.4100738,645.327392578125,3.7454910278320312,4.660466408061392,12.123756408691406
2170,3.6032588481903076,0.72268564,4.727239,158.2242431640625,0.1396484375,1.4211490615434492,2.8216094970703125
2171,3.0462872982025146,1.1060437,2.2893212,323.878173828125,17.874038696289062,4.023286221127243,8.039649963378906
2172,4.062516212463379,0.44415557,1.4431139,31.0269775390625,0.9021072387695312,1.3867945347170973,3.365203857421875
2173,1.1309568881988525,3.2843428,12.533942,185.999755859375,21.26905059814453,8.724321564158235,21.868423461914062
2174,2.50235652923584,1.7353035,8.517809,595.4326171875,0.15086746215820312,2.3881263650552285,3.31610107421875
2175,3.134718179702759,2.3478584,3.2278724,167.196533203125,42.63416290283203,20.579164029125486,43.400360107421875
2176,3.946932792663574,1.2570943,3.1064863,588.518798828125,5.451038360595703,2.3159977609093225,2.6611175537109375
2177,4.311844825744629,0.4660364,1.5884815,105.1719970703125,4.311927795410156,2.342804574002468,5.682823181152344
2178,3.83577561378479,0.8556447,3.3464642,706.304443359375,1.7711830139160156,3.481719735425944,7.866249084472656
2179,4.111051082611084,1.0606855,2.0937035,324.317626953125,13.862342834472656,4.39269626221467,11.212539672851562
2180,4.337508678436279,0.4665517,0.9343152,68.904296875,4.818031311035156,1.4720203480860299,3.5985031127929688
2181,2.2539546489715576,1.0971507,5.9709377,1400.702392578125,5.2789154052734375,3.8489036527385885,18.83319091796875
2182,4.0349321365356445,0.8023067,3.1863942,232.710693359375,4.445636749267578,5.030270300826416,11.739700317382812
2183,4.245150566101074,0.78220487,2.0210993,14.086669921875,3.5271644592285156,3.0658672237341307,7.772346496582031
2184,4.0063042640686035,1.1506137,4.3635106,78.443359375,3.439342498779297,2.461051905672978,6.402717590332031
2185,3.3399431705474854,0.7846894,1.3815036,231.909912109375,7.474193572998047,3.7887291864051633,7.184844970703125
2186,4.1935038566589355,1.6468326,8.773557,75.36083984375,1.0464591979980469,5.836897589473523,14.984489440917969
2187,4.55765962600708,0.31534734,1.3844352,40.71875,1.6715545654296875,0.2778617888205588,0.82373046875
2188,3.9772329330444336,1.038995,4.8071733,10.301025390625,2.5689048767089844,6.09737326529774,14.061050415039062
2189,4.561012268066406,0.34176588,1.138125,0.238525390625,0.24894332885742188,1.7329804518506151,4.424888610839844
2190,2.6272146701812744,1.2688329,7.1005545,218.342529296875,11.6507568359375,4.909753110777171,13.153648376464844
2191,3.511646032333374,0.6461789,1.5610654,462.168701171875,9.733173370361328,2.1668181955631987,5.45489501953125
2192,2.263888359069824,0.8356943,5.656179,216.070068359375,6.504112243652344,2.4047507834301705,6.616615295410156
2193,4.518235206604004,0.520797,1.599171,49.259765625,4.484405517578125,1.2595603675705362,3.7125930786132812
2194,4.407238006591797,0.46961233,1.956305,185.9439697265625,1.7111358642578125,0.5812965927258205,0.16583251953125
2195,4.311115264892578,0.23181558,2.2325983,133.1673583984375,3.3374862670898438,3.413397792224629,8.788337707519531
2196,3.919973611831665,1.2195531,10.196051,1454.2894287109375,6.063472747802734,9.54183325331839,28.774009704589844
2197,2.765523910522461,1.1623809,4.9447994,1180.116943359375,0.14049530029296875,4.154750492148928,16.01134490966797
2198,3.1923322677612305,1.7211065,4.172978,123.1337890625,7.068748474121094,9.35276697227221,22.386558532714844
2199,2.577000379562378,1.0600358,6.897296,873.005859375,12.194107055664062,3.6548972187767177,13.234077453613281
2200,3.6130261421203613,1.2769552,4.450355,1277.364501953125,3.6145248413085938,0.1734827966183019,6.562278747558594
2201,3.8523075580596924,1.1579738,1.9465923,455.442138671875,8.1890869140625,4.602724800758068,9.151283264160156
2202,1.2907962799072266,3.1418848,14.65368,48.69677734375,9.147148132324219,8.542323858858445,23.46419906616211
2203,3.722059965133667,0.80295247,1.0974382,1008.6640625,2.536712646484375,0.3525472289456886,1.0835342407226562
2204,3.7116270065307617,1.9418999,9.995395,100.8193359375,9.52496337890625,10.669189357920676,24.846160888671875
2205,3.538959264755249,0.8817474,4.2116795,250.341064453125,6.973934173583984,11.330153565404721,24.898727416992188
2206,2.8209445476531982,1.070846,3.6654167,89.2613525390625,5.228729248046875,1.2290941769921275,3.2392654418945312
2207,1.891884684562683,1.4478208,6.4489927,123.7808837890625,10.872936248779297,4.205210340148831,10.318443298339844
2208,3.636831283569336,1.3981065,6.3852954,3.922607421875,7.67376708984375,6.4694754786673485,15.695205688476562
2209,3.229322671890259,0.9577566,1.5703171,141.31005859375,8.397411346435547,1.7901995933715718,3.044281005859375
2210,3.7403147220611572,0.44499433,2.137547,348.598388671875,5.0913238525390625,1.9948614542964336,6.2911529541015625
2211,3.813342571258545,0.347075,3.1728482,121.66552734375,1.7559814453125,2.4930912616410517,6.7187957763671875
2212,1.3479353189468384,3.2960186,18.13654,333.486328125,15.774280548095703,12.035425879879028,28.87823486328125
2213,2.419447898864746,1.8476167,6.9815435,215.750244140625,12.16122817993164,0.3098855246317953,6.746788024902344
2214,4.488332271575928,0.98543864,3.310479,41.524658203125,2.0236549377441406,4.26206256205429,10.094673156738281
2215,1.3084805011749268,2.4474726,9.602229,254.340576171875,8.514476776123047,2.789014236607162,9.878654479980469
2216,2.964944362640381,0.6375088,4.122881,354.20263671875,7.409206390380859,0.44180565813035244,2.8349838256835938
2217,3.9654040336608887,0.7618375,2.987785,80.736328125,2.8983230590820312,7.4344557114842935,16.427223205566406
2218,3.264387845993042,1.6436781,5.420587,148.4542236328125,5.707496643066406,4.202354055207575,10.002067565917969
2219,3.214763879776001,1.2357466,6.118394,132.0208740234375,0.5638580322265625,2.2511331404228514,3.5177993774414062
2220,3.422452449798584,0.5777056,0.7942997,221.279296875,5.093494415283203,2.644179684410261,5.409553527832031
2221,4.2048020362854,1.5872723,4.318353,60.51171875,9.56103515625,5.238171135363796,16.591880798339844
2222,1.3617031574249268,2.8561099,10.09663,72.416259765625,16.38697052001953,6.305027826068681,14.571903228759766
2223,2.8999128341674805,2.1893628,4.7340865,718.70703125,5.3510284423828125,6.178361369151613,14.492950439453125
2224,3.912899971008301,0.9133258,2.0683403,29.341064453125,3.3722305297851562,0.23117306449892538,3.6548919677734375
2225,3.217198610305786,2.4910955,5.864107,287.549560546875,9.282577514648438,8.44055467218789,22.484115600585938
2226,4.4940056800842285,0.23363703,1.1695268,62.7916259765625,2.386627197265625,1.0188998330428696,3.0107803344726562
2227,1.7409348487854004,0.9250765,5.999659,385.9652099609375,1.5657920837402344,1.2103862028958865,4.0657806396484375
2228,3.1820433139801025,1.6969972,3.7534032,651.43798828125,4.440879821777344,0.2839890572798822,0.339996337890625
2229,4.416261196136475,1.5259107,5.606017,22.46240234375,5.268146514892578,9.363838267759107,21.471656799316406
2230,3.962672233581543,0.6822333,1.6592038,211.560302734375,6.667694091796875,0.8325203657172402,3.3096847534179688
2231,3.7505509853363037,0.6642485,5.200988,400.2950439453125,0.6810226440429688,3.7111682174861365,6.255561828613281
2232,3.4367871284484863,0.4036707,5.340666,136.6796875,0.9188613891601562,3.524836156903092,7.652244567871094
2233,4.263223648071289,0.36032653,1.0480239,74.7677001953125,1.9966888427734375,2.0232589445311646,5.1462860107421875
2234,3.49772572517395,0.3965181,0.88855755,91.0205078125,8.021320343017578,0.35677672806981775,0.7354888916015625
2235,3.889826536178589,0.594317,0.69849145,102.751220703125,13.697364807128906,1.5934609899195102,1.3104400634765625
2236,3.98629093170166,0.5496059,2.9053836,59.64111328125,2.1577835083007812,3.558878528608858,7.80712890625
2237,3.0525295734405518,1.1690756,1.7628016,260.254150390625,9.896957397460938,9.505115308320555,22.294479370117188
2238,3.042961359024048,1.1310443,4.7729626,155.295654296875,7.242412567138672,2.7596207007167024,6.193595886230469
2239,3.5937390327453613,1.221236,3.8178964,213.6787109375,16.953250885009766,4.857706952022031,11.34100341796875
2240,4.234314918518066,1.2779552,4.5015697,94.76416015625,6.882164001464844,9.31428334742466,21.83544921875
2241,2.700438976287842,1.2949853,2.6904767,5.176025390625,11.951042175292969,7.00810358457781,18.686416625976562
2242,4.2637715339660645,1.1532055,2.8645847,333.9130859375,4.434654235839844,9.094491409647095,19.52801513671875
2243,3.736550807952881,0.5289589,0.7518517,7.522216796875,6.9931182861328125,2.539949799740942,6.212005615234375
2244,3.215874195098877,0.8492708,4.8751893,172.278076171875,2.347393035888672,6.3182863786143955,16.699424743652344
2245,3.838200569152832,0.4204131,1.1716269,86.142822265625,11.7576904296875,3.140579676155575,6.194160461425781
2246,3.089797019958496,1.3406681,9.896513,1369.14013671875,9.414161682128906,6.790003924240576,21.821212768554688
2247,3.495927572250366,0.59813434,2.6482394,68.751220703125,5.715972900390625,1.8140107893604913,6.199958801269531
2248,4.313488483428955,1.0097998,3.6360397,254.5640869140625,4.955303192138672,0.9691839492251901,3.29345703125
2249,1.290313959121704,2.3935266,12.307633,163.782958984375,8.26926040649414,5.2428221133571355,12.156257629394531
2250,2.3966660499572754,0.815715,2.8903983,651.966796875,11.264968872070312,1.8160933516419107,3.1807708740234375
2251,4.295317649841309,0.42971134,1.7866867,49.3665771484375,0.7233428955078125,0.2553190640596341,0.6011962890625
2252,3.1429190635681152,0.6277668,1.6344625,8.4501953125,3.7442550659179688,5.468049844337344,11.845375061035156
2253,4.061733245849609,0.81028825,1.9290655,132.2467041015625,1.468994140625,2.3036507113843747,5.965545654296875
2254,4.492809772491455,0.57032806,4.4917207,17.88427734375,1.5900115966796875,4.826571871964017,10.601394653320312
2255,4.123805999755859,0.5856813,2.0361063,364.466552734375,1.0181961059570312,3.027960985816307,8.147590637207031
2256,1.753969430923462,1.3200337,6.081467,1067.697265625,2.134288787841797,3.5847441085607556,13.512985229492188
2257,1.2671679258346558,3.2870867,15.572172,193.2869873046875,26.26433753967285,7.4314298743463425,22.807723999023438
2258,2.704270839691162,0.73546964,2.4640994,112.6312255859375,5.074005126953125,1.6259081588547666,4.0207977294921875
2259,3.5233991146087646,0.7764861,1.1251632,937.332763671875,9.503890991210938,4.850559607075056,4.5974884033203125
2260,3.24904203414917,0.61695474,1.9910369,95.2783203125,7.9659423828125,0.17886959153495852,0.9575347900390625
2261,1.373225212097168,3.3474674,11.0016,165.01318359375,14.145774841308594,8.011587807490411,24.937896728515625
2262,4.444639682769775,1.1642247,5.3196917,120.6431884765625,0.08355331420898438,2.7688254626336217,7.4388427734375
2263,2.750927209854126,0.54544944,1.1262982,36.280029296875,13.425533294677734,1.0917304218256163,2.3837356567382812
2264,3.9743049144744873,0.6530724,2.7729168,203.74560546875,2.3707199096679688,8.613821159748717,18.711097717285156
2265,3.741788625717163,0.4249002,1.8910611,37.5911865234375,4.977638244628906,0.6237263856124393,1.0222549438476562
2266,3.624776601791382,1.6765766,5.9355307,225.932861328125,5.258678436279297,1.848824691897569,5.526092529296875
2267,4.229983806610107,1.0744339,4.6932073,366.3460693359375,6.450614929199219,0.19165915937653466,5.489967346191406
2268,2.3370914459228516,0.5430579,0.853927,21.459716796875,9.64040756225586,1.693356023036273,3.9086151123046875
2269,3.2004241943359375,1.7245413,2.9327018,456.54150390625,12.159187316894531,3.0664268230571636,6.779396057128906
2270,2.847019910812378,1.1599563,3.793725,402.11474609375,3.3725128173828125,3.623082374845545,10.069015502929688
2271,3.993868112564087,1.0084064,4.1354885,38.221923828125,3.1415176391601562,5.796261428047398,14.764793395996094
2272,2.352504014968872,0.8631794,1.5943849,44.1142578125,7.106830596923828,0.7999953438917018,0.4535369873046875
2273,2.2441601753234863,1.3079978,8.867374,1876.939697265625,4.252311706542969,3.507256023868681,15.133064270019531
2274,3.1195051670074463,0.867047,1.8743601,39.366943359375,1.2857818603515625,0.8646445503112865,1.530914306640625
2275,2.5330355167388916,1.1192783,5.621261,1411.5159912109375,4.2486114501953125,1.9658902258732773,15.736778259277344
2276,2.098560333251953,0.83227044,2.215507,159.69189453125,14.41336441040039,2.0558870602750936,5.0770721435546875
2277,4.296963691711426,0.8814196,2.1489787,391.608642578125,10.781658172607422,0.42953075694195775,0.6099929809570312
2278,2.6406376361846924,0.79472035,2.6563716,127.9542236328125,2.1357345581054688,2.263523703072263,5.621818542480469
2279,3.707562208175659,0.5807696,3.033984,317.5086669921875,9.823837280273438,4.301066549191486,10.115287780761719
2280,1.2594655752182007,2.990532,12.66372,95.591552734375,16.521326065063477,5.400063059464504,14.814422607421875
2281,4.312398433685303,0.5194264,2.9130511,38.5201416015625,0.814361572265625,3.197741479421154,7.172492980957031
2282,3.5639235973358154,1.3641934,10.21756,1195.79736328125,5.660636901855469,7.863016303857631,24.20526885986328
2283,3.727020263671875,1.3214688,4.436635,208.26806640625,9.412216186523438,4.447578378050988,11.206405639648438
2284,4.0373125076293945,1.2181268,2.5158658,176.887939453125,4.674949645996094,4.603219394022375,10.947410583496094
2285,4.180298328399658,0.5129485,1.9939873,371.26220703125,2.6547775268554688,5.222133777494072,11.980796813964844
2286,4.456770420074463,0.21242099,0.87634724,100.95068359375,0.6432456970214844,1.1741212391913756,3.3413162231445312
2287,3.7147746086120605,1.1260895,1.9962862,434.241943359375,7.824520111083984,3.065068983787569,5.8700408935546875
2288,3.666249990463257,0.6111088,1.6652532,92.181884765625,9.297348022460938,0.9081672093732394,2.1621627807617188
2289,2.861055612564087,1.3135529,5.894066,1285.9176025390625,4.4640960693359375,3.9384198779554502,15.848915100097656
2290,4.525877475738525,0.7767617,2.0477118,68.77001953125,0.7198257446289062,8.059380030895731,18.06267547607422
2291,3.875441074371338,1.561416,3.8693576,604.0301513671875,3.0310287475585938,0.9488948088623985,1.0007781982421875
2292,3.780519485473633,0.67032313,3.7064426,37.384765625,1.3010330200195312,4.779549177350312,11.109550476074219
2293,2.8839681148529053,0.48710445,2.616686,49.498779296875,7.073234558105469,3.599471370738925,7.855705261230469
2294,3.315279722213745,0.44054165,1.6907575,165.019775390625,4.902553558349609,3.0599091383196004,7.789939880371094
2295,3.1423375606536865,0.46915808,2.0100522,13.580322265625,7.231758117675781,1.3510109961053303,2.1868667602539062
2296,4.454610824584961,0.7027102,2.6278706,42.4114990234375,1.0109062194824219,4.47181964526558,10.340965270996094
2297,4.271091461181641,0.79287785,2.6468842,450.600341796875,4.753849029541016,1.0287363254493478,1.0673675537109375
2298,3.189743757247925,0.490263,1.032275,219.9501953125,6.571922302246094,2.799404043787149,4.9911651611328125
2299,3.8317174911499023,1.3124514,3.895461,344.269775390625,7.778663635253906,5.197731297009486,11.047698974609375
2300,3.1760709285736084,0.6968965,0.8528078,134.165283203125,4.798728942871094,1.0441975137676245,1.8484344482421875
2301,3.0096006393432617,0.54479545,1.9310218,437.548828125,7.824920654296875,1.2502416407686354,0.9835052490234375
2302,2.7531988620758057,1.9664129,8.592871,251.486083984375,11.828105926513672,5.831343904559311,12.73318862915039
2303,3.7038052082061768,0.6474158,3.0749052,135.4091796875,1.7978668212890625,4.452593115113348,8.512771606445312
2304,3.9531543254852295,0.78660464,2.6121373,134.76123046875,1.7205276489257812,6.661629480184697,15.402153015136719
2305,3.957092523574829,0.6292023,2.634613,111.16796875,2.6829605102539062,0.7354740429165467,3.0133209228515625
2306,3.6078741550445557,0.60406893,2.8373883,257.730224609375,3.8471221923828125,3.2999794905576145,8.097030639648438
2307,3.7350542545318604,0.9212683,4.4985313,132.155517578125,0.6874923706054688,3.7159491909891464,9.181076049804688
2308,3.4062869548797607,1.6222562,6.359375,128.601318359375,9.462265014648438,4.484644097565841,10.926551818847656
2309,1.6442257165908813,2.4462292,13.356919,216.874755859375,15.984756469726562,10.228748747119482,23.519954681396484
2310,4.576352119445801,0.33638427,0.61369455,35.869140625,3.0360794067382812,0.5584350799579418,1.3768310546875
2311,3.1685616970062256,1.7878467,7.0553026,616.671630859375,6.6151885986328125,7.990752380838071,16.435691833496094
2312,4.226298809051514,0.58273995,2.2313213,172.481201171875,1.8414154052734375,4.102350208244051,8.209434509277344
2313,4.025881767272949,0.94333786,4.7297115,299.011962890625,4.667427062988281,6.581786419316781,17.555519104003906
2314,3.324676513671875,0.59076834,3.5185478,54.630126953125,0.5322380065917969,2.109591497038977,6.364128112792969
2315,3.051244020462036,1.2580657,5.48212,1479.4840087890625,2.2783164978027344,4.151272836360633,15.878585815429688
2316,2.946192502975464,2.259053,9.263776,112.224365234375,8.183929443359375,7.5245016339322355,22.07744598388672
2317,4.363435745239258,0.75718516,2.4631069,155.646728515625,0.1336517333984375,3.1823840572940405,8.04522705078125
2318,3.263547420501709,0.6584344,2.380971,67.75,2.9723281860351562,3.277878907589603,7.383796691894531
2319,3.40963077545166,0.96257764,1.7266649,165.05419921875,9.210372924804688,0.574123195057588,1.27911376953125
2320,4.401299476623535,0.8476705,2.9110212,39.814208984375,4.071044921875,2.800953339746137,6.742408752441406
2321,2.534072160720825,1.0827622,2.7743518,127.0797119140625,4.964160919189453,0.38082561638736223,0.667144775390625
2322,3.469451427459717,0.47214034,2.148971,286.63671875,9.70034408569336,3.898296860506864,9.059638977050781
2323,2.80682373046875,1.6721658,7.8953485,177.6014404296875,3.72833251953125,4.585373592710667,10.055412292480469
2324,4.049661636352539,0.5764907,2.417381,62.775390625,2.1701278686523438,3.151623599686978,7.7108306884765625
2325,3.0537285804748535,1.2852224,7.9679813,1354.85009765625,7.740894317626953,6.554351483290372,22.32495880126953
2326,3.573551654815674,1.3525376,7.5928926,367.105224609375,4.382991790771484,9.87275111836928,23.126548767089844
2327,2.8288791179656982,1.1540321,2.9995818,41.5504150390625,6.265811920166016,2.2620344879569103,4.7527313232421875
2328,4.19838809967041,0.95831174,1.9070957,409.01025390625,2.191265106201172,2.0797530243830167,5.357902526855469
2329,2.931154489517212,0.6905443,1.619068,456.133056640625,8.329280853271484,0.023115022720503475,2.307281494140625
2330,1.2470062971115112,2.713319,10.441308,238.8387451171875,9.614093780517578,4.901042916211296,10.740676879882812
2331,3.111421823501587,1.08175,5.6204696,1584.577392578125,3.5417442321777344,3.415125361543641,15.150779724121094
2332,2.903601884841919,1.2912483,9.348581,28.5955810546875,4.109104156494141,5.266184920042022,12.362190246582031
2333,3.8936378955841064,0.94885033,3.9299045,376.4599609375,0.39066314697265625,0.39902745358913805,2.6698684692382812
2334,2.3335764408111572,1.3783914,5.75127,311.524658203125,17.44512939453125,4.112984160919684,11.508148193359375
2335,4.427403926849365,0.68311214,1.020371,16.600830078125,2.0330772399902344,5.520659389108843,12.966720581054688
2336,3.7609660625457764,0.54528934,1.7839059,9.83740234375,3.9478416442871094,1.2529678062865592,3.0688858032226562
2337,3.7543785572052,1.2231127,4.857493,101.36181640625,7.093410491943359,9.123474512150402,21.787513732910156
2338,3.8429996967315674,0.7178442,5.9480295,217.962158203125,7.089290618896484,3.9884255171617014,10.565956115722656
2339,3.88712739944458,0.62572056,1.2459269,12.796875,10.063583374023438,1.8847024928978655,1.1754531860351562
2340,3.3204259872436523,1.2159199,7.5295463,1161.47412109375,3.5744895935058594,5.804246233631094,18.485252380371094
2341,3.8107810020446777,0.9424669,3.1386807,547.0955810546875,1.1219100952148438,3.3598854193605057,6.677581787109375
2342,3.5207302570343018,0.36379886,1.6617602,131.588623046875,2.341686248779297,5.419161185769873,10.742156982421875
2343,3.9571571350097656,0.9496575,3.6722438,61.272705078125,0.8887062072753906,6.806206534482378,16.707740783691406
2344,4.587536334991455,0.46201992,2.2676973,18.103271484375,1.67626953125,2.5748789272212314,6.0091094970703125
2345,4.071468830108643,0.23571105,1.6995263,135.7333984375,4.866905212402344,4.59949144407425,9.990837097167969
2346,3.787515640258789,1.1938246,6.4803734,1069.033447265625,7.342323303222656,3.5265075912925283,15.458427429199219
2347,3.6658804416656494,1.4737912,4.020978,797.34716796875,2.4710006713867188,5.072179446327372,9.521003723144531
2348,4.365581035614014,0.6117053,3.4047866,9.0152587890625,2.6355667114257812,2.7305984650255617,6.470726013183594
2349,2.9744341373443604,0.52998537,3.4507391,144.4185791015625,3.6741294860839844,0.843699075068546,0.6518020629882812
2350,3.974431276321411,0.9685593,3.4691923,401.132080078125,6.432430267333984,0.6029018813552511,0.41518402099609375
2351,2.728198528289795,2.4846747,10.98494,41.650634765625,10.102214813232422,7.286476727155428,19.232704162597656
2352,3.0786187648773193,1.098581,5.9776254,426.580810546875,7.77716064453125,9.130143937880572,20.988689422607422
2353,3.8194527626037598,0.43541917,0.91165996,66.43603515625,4.794750213623047,1.3089003745820165,2.7898635864257812
2354,1.1351752281188965,3.7484825,19.195686,260.266357421875,19.781925201416016,10.4589952141846,28.37574005126953
2355,2.866237163543701,1.0047761,4.207431,185.5411376953125,4.153312683105469,2.3709991984642116,5.27099609375
2356,3.8801960945129395,0.28942296,2.6303678,261.5047607421875,4.210247039794922,1.085984097403859,4.013526916503906
2357,4.242947578430176,0.7779577,2.1969507,760.312255859375,1.579132080078125,0.5521400678206909,1.2802963256835938
2358,4.369917392730713,1.0047773,2.0480824,168.09619140625,6.168628692626953,5.616582504096002,12.576736450195312
2359,3.8126351833343506,0.8757228,1.5958468,563.551025390625,1.8698921203613281,1.3398383576786088,3.8116302490234375
2360,2.8798129558563232,1.2858933,2.6980195,382.768310546875,1.3852653503417969,4.946122948809595,11.488265991210938
2361,3.7906856536865234,2.2604334,12.175702,132.90478515625,8.333831787109375,8.824622236898502,22.141510009765625
2362,3.9575512409210205,0.71894056,3.470878,37.947998046875,3.066547393798828,3.621659879947721,8.546730041503906
2363,2.410938262939453,2.5415509,9.412352,326.727783203125,10.976694107055664,3.8688163444091863,10.116004943847656
2364,3.459740161895752,0.48936686,0.8187926,55.37890625,10.27737808227539,0.06869123514144349,0.401153564453125
2365,2.355712652206421,0.6140482,0.8784593,157.290283203125,11.024578094482422,0.14578208360214262,0.49083709716796875
2366,3.5068492889404297,1.1918881,7.823591,1463.634765625,7.770027160644531,1.8512405310071927,12.526679992675781
2367,2.6838834285736084,2.1676128,5.8177032,195.325439453125,11.740856170654297,9.81105352240612,23.247146606445312
2368,4.355743408203125,0.70037574,4.3888693,164.6319580078125,4.383640289306641,2.248411616582583,4.043296813964844
2369,4.478507995605469,1.6799377,4.976087,32.114013671875,3.3706703186035156,16.36283843938929,38.13745880126953
2370,2.533224105834961,1.3641773,10.238828,836.22607421875,1.8823204040527344,6.272934252844511,18.726158142089844
2371,4.342660427093506,0.6035885,1.8314371,211.969482421875,2.7298660278320312,2.243881091747621,4.359977722167969
2372,2.733520984649658,0.8607037,3.925251,114.837158203125,8.043231964111328,1.9581431427902452,4.7500152587890625
2373,2.720691442489624,0.48973414,3.4210105,55.984130859375,4.762382507324219,3.8571629004576486,9.618629455566406
2374,4.056483268737793,1.1879016,2.5268517,326.512939453125,4.938106536865234,6.44133577990695,13.486717224121094
2375,3.6706700325012207,1.4244618,6.1241317,208.54931640625,10.304710388183594,7.509714792717219,17.848793029785156
2376,2.1552577018737793,2.4247084,7.2302647,112.1962890625,8.059864044189453,5.6686347769950025,14.2919921875
2377,3.445707082748413,0.7935174,1.389966,95.28271484375,11.066780090332031,0.834090354226749,1.219207763671875
2378,2.468560218811035,0.7723451,2.5499492,208.1497802734375,5.185829162597656,2.6473264359533246,7.0232086181640625
2379,4.538537502288818,0.5286264,1.9478853,166.1494140625,1.5200157165527344,5.777057942938708,13.421943664550781
2380,2.7979800701141357,0.87916464,2.01936,488.212158203125,1.085052490234375,0.7568287719857167,0.9608688354492188
2381,4.478451728820801,0.7729733,2.756734,220.579345703125,2.4807510375976562,1.7868770941420031,3.4574966430664062
2382,3.4133758544921875,0.5202977,0.8206186,4.3037109375,7.5377655029296875,1.9823070927245787,4.032188415527344
2383,3.7750084400177,1.1446487,1.5787854,317.893798828125,11.860797882080078,2.526109617201829,5.775306701660156
2384,2.4206321239471436,2.7116995,11.389688,544.4127197265625,11.694761276245117,6.841115117499008,14.407798767089844
2385,1.9480282068252563,0.6463813,5.1689725,198.9891357421875,6.902408599853516,2.1426679415037775,6.12786865234375
2386,4.233263969421387,0.6067007,0.73395324,470.1376953125,3.3694534301757812,3.3086476779159284,6.212379455566406
2387,3.551833391189575,1.5055122,5.1218667,99.3907470703125,2.8554954528808594,5.056781700409552,13.100959777832031
2388,3.7607216835021973,0.8486478,3.3712392,405.1943359375,6.205101013183594,4.493037835036073,10.446701049804688
2389,3.9261951446533203,1.2090968,3.7219748,752.6494140625,3.7916603088378906,0.2500759661835339,6.192588806152344
2390,3.313737392425537,0.7313122,3.4084187,381.050537109375,8.111278533935547,4.588918310100951,9.178878784179688
2391,4.163217067718506,0.6630594,4.228622,199.671142578125,2.07489013671875,7.613655908085057,17.221572875976562
2392,2.379859209060669,1.1805948,2.7193258,197.716064453125,4.287956237792969,2.2861993968924352,5.0671844482421875
2393,3.873852491378784,0.6281383,1.1060445,102.668212890625,8.713905334472656,3.14599924811451,3.595062255859375
2394,3.7705273628234863,0.4726613,1.6664904,124.65478515625,5.503551483154297,0.5172487274447164,1.8791275024414062
2395,3.7288100719451904,0.80238247,1.3732696,431.027099609375,9.37552261352539,0.7205232455015143,1.0647964477539062
2396,3.6579058170318604,0.65125775,1.08356,522.987060546875,5.394397735595703,1.1186534686485174,1.2712554931640625
2397,3.2755212783813477,0.4565042,2.2911556,223.850341796875,2.3114585876464844,0.053319151204192394,1.1884307861328125
2398,3.1754722595214844,1.2765645,5.188896,1445.0291748046875,7.396877288818359,4.342722940312889,18.275794982910156
2399,1.502134919166565,1.3214,6.838676,219.877197265625,11.486804962158203,2.032301135684815,6.040489196777344
2400,3.7418861389160156,1.0800498,5.998464,131.7486572265625,0.9827842712402344,9.169859873783086,21.81000518798828
2401,2.9953696727752686,0.636836,3.3459673,38.147216796875,5.615100860595703,0.09523484345386635,0.38166046142578125
2402,3.9674031734466553,0.25241175,1.5302111,101.64013671875,4.600711822509766,0.9642364476467407,1.6351089477539062
2403,3.9451940059661865,1.1633786,4.377696,134.502685546875,4.565345764160156,5.98446476216083,13.496994018554688
2404,4.049244403839111,0.48635948,1.0346885,239.37451171875,8.18435287475586,2.364849786378784,4.8151092529296875
2405,1.3978211879730225,3.2291543,15.927907,90.96875,21.67385482788086,9.888636990962016,21.816741943359375
2406,2.64501690864563,0.6508804,2.061615,285.8056640625,7.1224212646484375,0.6406356003814331,1.192962646484375
2407,3.1603777408599854,1.2943113,5.562061,1387.7230224609375,3.715160369873047,5.870700750116818,22.041397094726562
2408,3.7576301097869873,1.9459828,9.5991335,45.16796875,10.470748901367188,8.327463987978984,21.307334899902344
2409,4.390391826629639,0.3611556,1.6257448,39.7125244140625,2.288806915283203,1.5916248420433234,4.703277587890625
2410,2.8387861251831055,2.3923037,11.3036785,44.886962890625,13.445487976074219,11.046537624168913,26.220748901367188
2411,4.220012664794922,0.42411748,1.1903038,138.45068359375,0.9903793334960938,2.2259184347059886,6.072845458984375
2412,1.588409185409546,2.0988064,11.524774,85.00830078125,9.357549667358398,2.5596812652610446,7.7833251953125
2413,2.111578941345215,0.69275594,2.2793653,127.9669189453125,6.632560729980469,0.09288804906353221,0.8774566650390625
2414,4.0906147956848145,1.098307,2.8467038,462.27099609375,1.0253219604492188,6.794998344424485,15.167465209960938
2415,3.9541707038879395,1.0844357,4.831734,66.8896484375,0.9310379028320312,6.683825994932306,15.55908203125
2416,3.707087516784668,1.2260386,4.849703,15.076416015625,9.235370635986328,5.531301784909591,13.646553039550781
2417,1.4628387689590454,2.0242302,7.958565,156.2705078125,14.196949005126953,3.6519111028610816,10.840728759765625
2418,1.9779725074768066,0.67033815,2.2285814,142.474365234375,11.81640625,3.3097200302991325,6.23590087890625
2419,2.601860284805298,1.2385722,3.1244621,94.8505859375,7.040828704833984,3.4503792421698307,8.706710815429688
2420,3.078031539916992,0.6471699,1.708089,449.70849609375,6.693817138671875,0.7015809674598472,0.295440673828125
2421,3.046387195587158,2.3401973,9.26011,87.39013671875,9.231464385986328,9.287702262149555,22.032508850097656
2422,2.2836105823516846,1.3064033,7.6434755,2.07763671875,4.143272399902344,5.205751919276906,12.624252319335938
2423,3.808680534362793,0.77524996,1.9689885,552.07177734375,8.626502990722656,3.9422777821440285,9.023788452148438
2424,3.933241605758667,1.0933589,4.540802,159.826416015625,13.629180908203125,5.940751097028134,14.238136291503906
2425,4.0470733642578125,0.63300604,1.1843823,894.05615234375,11.797203063964844,2.858733060572476,4.15740966796875
2426,3.793945550918579,0.4586747,2.6468258,315.0169677734375,6.638031005859375,2.975128180369577,7.5390167236328125
2427,2.686335325241089,2.8710144,14.234585,79.583984375,12.995315551757812,9.783034249216833,24.67483139038086
2428,3.675845146179199,1.7615137,6.1950254,307.616943359375,5.781211853027344,6.375696866961803,16.015403747558594
2429,2.50594425201416,1.0667189,2.592022,75.43701171875,13.298328399658203,3.3285920019778317,8.426719665527344
2430,1.9868637323379517,2.4484265,10.72882,271.806396484375,8.393440246582031,6.201951945820305,13.858470916748047
2431,2.9896583557128906,1.3191376,5.6208715,331.836669921875,12.117053985595703,5.174137492315644,12.68988037109375
2432,4.176186561584473,1.5728086,5.040015,99.92041015625,7.9871826171875,8.716876435274973,20.67292022705078
2433,3.632256031036377,0.54596597,1.2708285,181.666259765625,11.914306640625,0.7681917536016627,1.436431884765625
2434,2.6831541061401367,0.5001756,1.4461327,320.57861328125,9.87457275390625,3.6234025608547533,8.549491882324219
2435,3.8766891956329346,0.8180687,5.0630355,86.2646484375,4.194355010986328,3.5576109085923697,7.919120788574219
2436,4.109434127807617,0.97989416,4.5514836,9.184814453125,0.36959075927734375,8.227694689338637,18.590896606445312
2437,4.417693138122559,1.2522243,5.910819,26.3095703125,3.7181129455566406,13.125483292763235,31.3076171875
2438,4.271242618560791,1.1321794,4.666383,278.7506103515625,4.335041046142578,0.9701710644691488,4.253288269042969
2439,4.529163360595703,0.5377961,2.0718105,445.79296875,0.4003257751464844,1.9070340463164044,5.45989990234375
2440,3.2407596111297607,0.64658517,1.990659,132.185302734375,10.22574234008789,3.7951423105691298,6.733283996582031
2441,4.490901470184326,0.48281702,2.8861773,208.294189453125,1.9527587890625,0.10692456887494117,0.5741729736328125
2442,2.072014093399048,1.8401155,9.118253,333.119873046875,11.977668762207031,6.744958591158142,17.387489318847656
2443,3.551704168319702,0.564153,0.77842844,17.625244140625,8.800090789794922,1.432536303811922,6.352630615234375
2444,2.8503479957580566,1.1269358,4.521075,49.4248046875,7.195091247558594,5.715031415687555,13.646209716796875
2445,3.151829242706299,0.61256725,1.6349066,368.076171875,5.645713806152344,0.6848639096853688,2.2905120849609375
2446,3.2487237453460693,0.55441666,1.0076407,83.683349609375,11.599815368652344,3.603855731720028,7.844245910644531
2447,3.1256422996520996,2.2672992,6.6146946,344.89892578125,9.053520202636719,8.310092030582421,20.363449096679688
2448,4.224345684051514,0.79027766,3.429089,28.72265625,3.084564208984375,4.107043102578853,9.709571838378906
2449,4.518980979919434,0.70793295,2.3219118,117.8656005859375,0.9923095703125,3.693037342564864,8.608833312988281
2450,3.4399476051330566,0.5257835,1.7990689,106.8380126953125,2.521148681640625,0.8035121337750155,2.2634353637695312
2451,4.556540012359619,0.48693466,2.019738,160.7318115234375,1.5350265502929688,1.0554355029792148,1.9899520874023438
2452,4.245508670806885,1.7574168,7.7259283,423.530029296875,0.2052154541015625,13.17911926299384,31.293594360351562
2453,3.8181264400482178,1.5097626,2.295452,94.868408203125,11.700592041015625,7.2879009625400535,18.20307159423828
2454,3.6969268321990967,1.3134108,5.8559084,1359.337158203125,5.792606353759766,7.881611468291215,24.476089477539062
2455,4.493469715118408,0.40078843,1.3275763,47.055908203125,1.290679931640625,0.7384978133154227,0.10162353515625
2456,2.358534336090088,0.5275099,3.9899082,146.34765625,2.883056640625,0.8062970334399893,3.212677001953125
2457,4.1635942459106445,1.3794531,5.58193,92.892333984375,2.0878524780273438,7.905244503271579,18.942276000976562
2458,1.2842702865600586,3.7129052,13.176834,41.320068359375,12.087333679199219,11.055514778204017,29.505264282226562
2459,4.342710971832275,0.78642195,3.6768596,264.28564453125,1.6760025024414062,8.116801636449772,18.6156005859375
2460,1.9398994445800781,0.7429371,6.031038,200.6016845703125,5.332408905029297,0.17730390161322163,0.7508087158203125
2461,3.0072288513183594,1.7021812,5.460575,67.281982421875,11.293155670166016,3.9029837025694043,9.919097900390625
2462,3.8220529556274414,0.63055307,2.0970244,396.3173828125,3.4943771362304688,2.168581230751734,4.923759460449219
2463,3.680171489715576,1.3894469,5.5190225,757.1290283203125,7.553478240966797,7.861951402487154,14.542999267578125
2464,4.132633686065674,1.3698106,5.1088996,123.187255859375,3.8182830810546875,6.123464022634501,14.849723815917969
2465,4.033602714538574,0.48696336,1.8123708,234.224365234375,1.2889595031738281,2.016850696310133,5.7639007568359375
2466,3.688051223754883,0.67780703,4.8395176,0.013427734375,4.099086761474609,3.3920142117271475,7.763252258300781
2467,4.068938732147217,0.7482958,2.4979525,62.453125,6.196479797363281,3.538060325931628,7.7751617431640625
2468,4.572885513305664,0.29955295,0.9135529,14.017578125,1.5958099365234375,0.1978280182294867,0.3291168212890625
2469,2.9220197200775146,1.2339875,2.190006,92.5146484375,7.577827453613281,5.873262135265442,16.080780029296875
2470,4.014215469360352,0.61794657,1.7954795,128.4443359375,3.043975830078125,6.797561616507387,15.094970703125
2471,4.324669361114502,1.2075729,5.894663,185.396484375,3.500263214111328,8.265855179246227,20.824684143066406
2472,3.349642038345337,1.2855059,5.612196,788.017333984375,7.979301452636719,2.2170139515402383,11.241249084472656
2473,4.485080718994141,0.40377918,1.1190095,235.97021484375,1.5063133239746094,2.8365210209158427,4.6148681640625
2474,4.354186058044434,0.7943658,1.8158528,144.36669921875,4.881614685058594,2.181876744546031,4.53778076171875
2475,4.448592662811279,0.38674012,1.4437445,29.628662109375,1.1112785339355469,1.66676096820175,4.5898284912109375
2476,1.1285109519958496,3.3691769,14.31682,493.5623779296875,12.626672744750977,7.255219427159805,16.044017791748047
2477,3.05653977394104,0.58776236,3.7319798,278.0009765625,7.945484161376953,1.535988478604967,5.1101531982421875
2478,1.8355053663253784,1.2251892,4.947634,331.5059814453125,1.4164581298828125,0.9335158840534952,0.9187164306640625
2479,1.3925858736038208,2.8165805,13.605232,312.375732421875,14.714038848876953,6.60728317231958,16.387939453125
2480,2.7898850440979004,0.7563198,1.2174098,185.2958984375,11.156105041503906,1.910247547791215,3.4864959716796875
2481,3.261159896850586,2.6692402,12.817561,209.923583984375,14.471847534179688,7.253468472110892,21.353439331054688
2482,3.2282705307006836,1.8522917,4.219743,358.836181640625,6.358146667480469,3.174434271634855,9.523811340332031
2483,4.321778774261475,1.1927522,3.2595406,485.827880859375,2.0655555725097656,0.6096979978950756,0.89569091796875
2484,2.3841793537139893,1.3830752,3.450048,69.1787109375,14.497425079345703,1.8346079990072504,3.83673095703125
2485,4.422679424285889,0.96243596,2.012071,672.843994140625,1.2760543823242188,1.397991371485702,3.7718429565429688
2486,4.499754428863525,0.29544857,2.1732447,36.640625,0.34885406494140625,2.4122469053358806,6.013282775878906
2487,4.162471771240234,0.41739765,1.8723385,43.9527587890625,0.8727874755859375,2.3463305400021923,5.2097320556640625
2488,3.1425821781158447,2.544147,14.778142,52.543701171875,12.513412475585938,12.82300533728499,29.48931121826172
2489,4.397899627685547,0.91900545,3.4054356,233.2769775390625,1.0530014038085938,2.3524492538989747,5.207283020019531
2490,2.6407370567321777,1.3832663,6.359857,1178.05419921875,0.6722869873046875,6.597019085671054,22.42157745361328
2491,3.7140214443206787,1.387287,4.06372,91.507080078125,11.59933853149414,6.307451656629503,15.702430725097656
2492,2.214216947555542,1.358499,8.086979,173.355712890625,1.93267822265625,3.9849421532601745,8.581851959228516
2493,4.1416449546813965,1.181004,6.5487514,82.83447265625,7.1056671142578125,4.712414895360293,12.632644653320312
2494,3.214348554611206,0.9633979,2.1282198,226.138671875,7.27130126953125,1.502916116699346,1.2110214233398438
2495,2.6983556747436523,0.7828297,1.305097,292.998046875,15.755805969238281,1.5823360304539271,4.043449401855469
2496,4.038275241851807,0.73136854,2.659847,103.986328125,7.151283264160156,3.3146583406152175,2.26800537109375
2497,1.6650606393814087,3.2550983,9.693512,140.977783203125,29.7782039642334,10.37439034357035,31.365676879882812
2498,2.9828531742095947,1.7520353,4.182198,678.583984375,4.554248809814453,5.146500338873768,11.399681091308594
2499,4.156800270080566,0.5100027,2.6197712,42.422119140625,2.105213165283203,5.007731876132844,11.099166870117188
2500,2.760218858718872,1.5540768,9.187694,14.79345703125,3.7446823120117188,6.736141604558817,15.493110656738281
2501,2.8382163047790527,0.9340858,4.468171,55.359375,5.962982177734375,2.4888613037712624,5.5160369873046875
2502,3.3327794075012207,0.5781965,1.2623955,119.251953125,1.1281089782714844,4.487748926415794,10.113090515136719
2503,2.980564832687378,1.0537024,2.231048,301.122314453125,6.973381042480469,2.0333757843352593,5.5054779052734375
2504,3.8562989234924316,0.59855217,2.407913,209.3555908203125,0.2850227355957031,0.31872814970945385,1.8269577026367188
2505,3.5893704891204834,1.3529005,3.830389,232.275146484375,9.15570068359375,0.9444612950006253,4.4808349609375
2506,2.716181516647339,2.552984,12.150847,2.70068359375,7.873390197753906,9.260878315268947,23.856971740722656
2507,3.7586443424224854,1.3667823,4.036043,62.168212890625,2.1098289489746094,5.6934935713873855,13.774429321289062
2508,4.080699443817139,0.6371852,1.6311238,201.645263671875,4.431041717529297,3.9298258839554308,6.791313171386719
2509,4.490651607513428,0.5499883,2.368543,70.193115234375,0.8119964599609375,2.073293215260559,5.6400146484375
2510,1.9366697072982788,1.2886944,4.8064017,40.2882080078125,7.591213226318359,4.7953692683057625,11.820289611816406
2511,3.3661506175994873,1.2864761,3.3277307,1345.949462890625,3.7162017822265625,7.500071089349124,21.75493621826172
2512,1.339881420135498,3.112662,12.857386,203.608154296875,19.405364990234375,7.639517059384275,19.93811798095703
2513,3.4405808448791504,1.2624649,7.0333495,1286.45654296875,4.637348175048828,3.9560201797610652,15.614082336425781
2514,3.2307114601135254,1.3488871,9.331341,1580.9375,9.930343627929688,7.430709454133083,23.564231872558594
2515,4.269374370574951,0.79640555,2.826302,31.615234375,2.499298095703125,4.962072866993523,11.608253479003906
2516,4.101637840270996,0.81704044,2.4977741,410.054443359375,0.6060523986816406,2.3847203308631215,5.818931579589844
2517,2.139286756515503,1.3754824,6.8178754,807.50732421875,4.3850860595703125,5.137064970434427,17.334808349609375
2518,3.7904696464538574,1.2438923,2.9923134,561.664794921875,0.7925605773925781,3.6501721259337394,9.615127563476562
2519,3.7906582355499268,0.81942815,1.7583544,149.451416015625,10.070060729980469,2.3638605955910172,5.708930969238281
2520,3.9638283252716064,1.4130802,8.077922,35.562255859375,10.959480285644531,6.971070687791094,16.323143005371094
2521,4.162274360656738,0.37674654,1.5141557,100.00439453125,1.3828811645507812,0.5344857829646195,1.5046463012695312
2522,4.052586078643799,0.3646643,1.2682564,242.2236328125,2.550495147705078,0.7845067622740167,1.7129440307617188
2523,3.2946009635925293,0.56165904,1.8978167,114.3759765625,3.5788955688476562,3.5551869875443316,8.268203735351562
2524,1.0997966527938843,3.1620395,13.961902,113.638916015625,15.419221878051758,3.1689626846456527,12.6865234375
2525,4.269927978515625,1.1104695,3.5395703,464.1253662109375,2.0152435302734375,0.6592369793235662,1.0000686645507812
2526,3.578612804412842,1.8271346,8.308947,139.024658203125,3.3343582153320312,4.730773185237055,13.483253479003906
2527,4.007543563842773,1.1626142,4.3513956,94.712646484375,6.30682373046875,4.37640606555507,9.735237121582031
2528,2.9463388919830322,0.5982663,1.5251706,36.8857421875,8.640853881835938,2.1441830845263254,5.840446472167969
2529,3.056973457336426,1.3264703,4.038345,1303.353515625,4.740810394287109,7.889899397872384,9.89410400390625
2530,2.236020565032959,1.4675297,5.675931,208.8153076171875,11.95977783203125,2.9015340211798097,8.767829895019531
2531,2.2545642852783203,2.8288965,9.241682,316.755615234375,13.95584487915039,9.008370406363579,24.06545639038086
2532,3.6272759437561035,0.5024583,1.3705108,244.980712890625,6.987758636474609,0.32045842615356435,2.0399169921875
2533,4.158778667449951,1.2454913,3.9191802,287.876953125,7.5508270263671875,4.489779654717445,16.723899841308594
2534,3.8804996013641357,0.7917256,2.934422,505.833251953125,0.19997787475585938,4.206621991583802,9.608688354492188
2535,2.826145648956299,1.2192398,6.0950756,170.939697265625,14.596721649169922,7.15001827875577,16.363842010498047
2536,3.165727376937866,1.0440558,2.4006295,10.293701171875,6.732452392578125,4.8034360629302135,11.071708679199219
2537,2.912202835083008,1.342209,8.774827,818.859619140625,1.7528533935546875,3.625707501204392,14.48321533203125
2538,3.547771453857422,1.4672643,6.458635,648.10595703125,12.33090591430664,12.375984880978457,30.541900634765625
2539,2.9814701080322266,1.2844185,8.330463,1473.870849609375,3.162120819091797,3.5480358275611614,14.055465698242188
2540,2.323859691619873,0.812689,1.8303596,49.482666015625,9.59515380859375,1.4736683698275463,3.1342697143554688
2541,3.8487889766693115,1.4430152,5.276531,623.458251953125,8.781604766845703,5.065925568979367,10.002937316894531
2542,3.79835844039917,0.5765177,3.0818262,74.025634765625,7.190540313720703,3.348862295940343,9.177391052246094
2543,3.4764392375946045,0.58590883,1.5243489,157.904052734375,8.657905578613281,3.3966602529601353,5.6245574951171875
2544,3.869600772857666,0.5576425,3.0491772,47.723876953125,6.3756561279296875,2.5124113502972456,6.5572052001953125
2545,3.6503334045410156,0.6580523,1.5391521,271.107421875,4.911037445068359,2.999524160970008,6.505889892578125
2546,4.253157138824463,0.9024229,2.2664335,35.079345703125,4.111469268798828,5.449666360479391,13.016342163085938
2547,3.9346351623535156,0.40469074,1.4934145,331.001953125,5.837856292724609,4.36957257201686,8.998687744140625
2548,1.2671961784362793,3.040911,13.077406,53.60791015625,19.05681800842285,8.017856144263199,23.704574584960938
2549,3.825474739074707,0.94958824,4.858801,6.309326171875,0.7376556396484375,3.043011958040644,8.447914123535156
2550,4.352160453796387,0.781992,3.2144535,356.558349609375,8.099380493164062,4.770863776945696,11.897979736328125
2551,3.9587395191192627,0.34137905,0.7883022,81.9365234375,8.409027099609375,3.202112224188671,3.2448806762695312
2552,4.533939838409424,0.28070703,2.7151225,336.526611328125,3.6683921813964844,1.7355745038198869,4.935546875
2553,4.328185558319092,1.145709,3.167842,33.357666015625,13.20944595336914,11.132051405750047,25.68822479248047
2554,3.8571298122406006,0.53398067,1.1584613,119.849365234375,6.362117767333984,3.462883618571972,8.635482788085938
2555,4.5966620445251465,0.35819125,1.2916712,211.80712890625,1.3140716552734375,1.1086680909995863,1.885772705078125
2556,3.6239383220672607,0.5025296,2.978444,438.319580078125,3.7573471069335938,4.022665318632633,10.220726013183594
2557,4.443793296813965,0.7941153,2.3968694,408.03857421875,0.5239639282226562,1.579156299865943,4.1275177001953125
2558,3.868962287902832,0.5867527,2.5753863,339.758056640625,1.5506515502929688,3.386874143361652,8.907257080078125
2559,2.861825466156006,1.1383781,4.9371223,1492.6143798828125,0.6874122619628906,2.067364742285335,10.973487854003906
2560,3.4963696002960205,0.48467568,1.6935328,107.3173828125,4.300811767578125,3.1508042655766744,6.9350433349609375
2561,3.9542737007141113,0.57215935,1.457694,261.019287109375,3.9667396545410156,2.468202975833808,4.791175842285156
2562,4.015110969543457,0.43537906,1.0572544,191.46875,5.9736785888671875,1.3994022776280488,2.6452255249023438
2563,2.259035587310791,0.9005808,4.3297706,216.530029296875,8.733531951904297,1.8434930083116896,4.8717498779296875
2564,4.270292282104492,0.5320744,3.1883652,86.6134033203125,0.6471405029296875,1.975158329638667,4.389129638671875
2565,4.539534568786621,1.0672594,3.9936204,156.035888671875,9.562671661376953,8.056536281246125,17.474777221679688
2566,2.936551094055176,2.3383145,5.273199,65.917236328125,8.45180892944336,8.862859854836802,23.60291290283203
2567,3.408675193786621,0.9503347,4.1967616,26.7919921875,1.0984382629394531,1.0406122441382415,3.4546661376953125
2568,1.6952674388885498,1.8491136,8.676026,100.831298828125,12.21099853515625,4.818178020499172,11.492782592773438
2569,3.077080726623535,0.6358342,5.740982,235.6612548828125,6.022666931152344,2.160857368858757,6.181022644042969
2570,2.4828028678894043,0.8166457,1.8162041,134.6875,9.559017181396484,2.413449127806725,3.80859375
2571,3.3227531909942627,1.0182861,5.785881,206.01171875,8.704139709472656,5.814365848686521,13.808517456054688
2572,2.1646792888641357,1.9803828,8.802355,274.89501953125,21.57122802734375,8.876078262947559,22.242904663085938
2573,3.359560251235962,1.0519394,2.933322,560.1103515625,6.370563507080078,0.5158077474121257,0.052398681640625
2574,3.8680992126464844,1.3272265,6.431596,232.09130859375,13.587677001953125,5.438456566882117,15.363143920898438
2575,2.7086026668548584,0.4668323,1.1171632,136.102783203125,7.623863220214844,2.088092379949142,4.214668273925781
2576,3.2912473678588867,0.8238917,2.703267,213.489990234375,0.17887115478515625,1.901441103684931,4.832725524902344
2577,4.4546403884887695,0.381495,2.6391401,442.2791748046875,0.17642593383789062,0.7539562702449984,0.5080718994140625
2578,4.474566459655762,0.43083516,2.696963,47.792236328125,0.07407760620117188,4.207056700161754,9.445396423339844
2579,3.192243814468384,1.3571888,5.6001797,24.8543701171875,12.544898986816406,0.974400884785684,8.788803100585938
2580,3.2752270698547363,1.2770662,10.192739,749.3734130859375,1.6085166931152344,0.672167495896808,6.398590087890625
2581,4.62162971496582,0.23135988,0.93790185,74.83251953125,0.1040802001953125,1.0418028633558833,1.844390869140625
2582,1.4529438018798828,2.6466396,11.4919405,87.982666015625,6.161338806152344,6.921179836927909,17.68738555908203
2583,2.280564546585083,0.5628453,3.379741,296.5384521484375,5.224826812744141,1.4059806743889283,7.526641845703125
2584,2.7378430366516113,1.0493025,1.9130268,245.373779296875,8.125679016113281,2.0394415470512435,4.328056335449219
2585,3.4750916957855225,1.1072706,1.9867644,1192.8016357421875,7.112094879150391,1.2224726251726281,2.146881103515625
2586,2.597227096557617,2.989724,17.12669,136.518798828125,18.15140151977539,11.720927322323728,29.109413146972656
2587,1.7503361701965332,0.8366089,4.7068963,54.1324462890625,5.478443145751953,5.238339954247543,11.659530639648438
2588,4.275834083557129,0.53663105,2.569159,346.1922607421875,1.3800125122070312,0.7622311500967669,0.3989410400390625
2589,3.5735695362091064,2.1492798,10.453437,278.560791015625,7.910892486572266,6.519691644134955,16.499065399169922
2590,3.719026565551758,1.2188253,4.0450573,141.0595703125,5.137725830078125,6.2317866844973935,13.579078674316406
2591,3.286015510559082,1.3126631,9.190407,1601.322265625,6.036678314208984,5.603871765138454,19.15106964111328
2592,3.883603811264038,1.9286059,5.5568495,402.1318359375,4.647056579589844,4.8136686327423845,12.630165100097656
2593,1.3082607984542847,3.2796106,11.366083,38.961669921875,19.027854919433594,7.776583237063814,19.990074157714844
2594,2.319500684738159,1.3040413,4.7194633,1423.8145751953125,4.527626037597656,3.178761827743873,13.543228149414062
2595,3.9728269577026367,0.5285015,1.0376658,192.35107421875,10.429363250732422,7.15175386912161,16.773452758789062
2596,2.010385274887085,2.6134114,15.955673,120.95703125,10.444875717163086,9.601918304821435,23.24615478515625
2597,4.309515476226807,0.3536485,0.7815391,45.8651123046875,1.6509056091308594,1.4661093295005294,3.4312667846679688
2598,3.6531693935394287,1.2585808,10.401117,1729.3359375,4.199672698974609,7.34084338758057,26.922874450683594
2599,2.901592969894409,0.7283159,1.2135675,90.28564453125,8.644981384277344,2.5539686462168625,5.6225433349609375
2600,3.845975875854492,0.24957763,0.8547329,25.06103515625,1.515380859375,0.7579980161317508,1.7744598388671875
2601,4.405397891998291,0.87164134,3.3340256,188.264892578125,1.8919715881347656,0.9441286215289857,4.073387145996094
2602,3.3095059394836426,0.4473717,0.71919465,174.9990234375,8.963497161865234,2.0907006857431867,3.0644989013671875
2603,3.6265788078308105,0.50243276,3.3862967,7.326171875,6.031574249267578,3.352719384346404,8.043525695800781
2604,4.024537563323975,1.114152,2.7221794,103.52978515625,4.570903778076172,3.623779995439733,9.358345031738281
2605,4.18115758895874,1.4832816,4.6271515,293.5849609375,2.489521026611328,7.843358209664665,18.80712890625
2606,3.7480101585388184,0.9103605,1.4268763,139.4996337890625,1.7388038635253906,1.8357621933716288,4.4132843017578125
2607,3.4912803173065186,2.0262449,10.254292,271.658935546875,10.997127532958984,8.267621471538433,20.617958068847656
2608,3.9537808895111084,1.781447,7.3250227,198.6151123046875,6.111198425292969,9.318494061095635,21.759178161621094
2609,3.374999523162842,0.84656173,4.6961555,206.3787841796875,14.708660125732422,3.5416668808842324,10.265144348144531
2610,2.8755242824554443,1.2126942,6.5530133,125.8043212890625,1.1313858032226562,3.6411318804996924,7.583229064941406
2611,3.095804452896118,0.6259844,2.6137044,113.940185546875,4.86419677734375,3.0282080882655826,8.31805419921875
2612,4.4224019050598145,0.38485852,1.4803162,108.050048828125,4.363048553466797,2.884688648582234,6.5623931884765625
2613,3.674516439437866,1.4245877,2.8019147,601.3212890625,7.629589080810547,3.718590528508873,7.0896759033203125
2614,3.728398323059082,0.5425129,2.9638538,24.870361328125,7.187370300292969,0.8317013798239827,2.63763427734375
2615,3.9408621788024902,0.5700276,5.0182076,818.8101806640625,3.2432861328125,1.3537695937007044,6.4437713623046875
2616,3.265427827835083,0.75485206,2.5460956,336.486572265625,4.601482391357422,4.687793698154572,10.376190185546875
2617,4.444819927215576,0.24430017,1.3199944,71.8060302734375,3.7462844848632812,1.474515781720232,2.492706298828125
2618,4.580913543701172,0.23489399,0.63148004,10.125732421875,1.8549613952636719,0.49278297941271276,1.3337249755859375
2619,3.65339994430542,0.5262406,1.1255171,10.708251953125,16.753543853759766,1.1361464003283714,2.963104248046875
2620,3.9614861011505127,0.28309783,0.8590669,79.198974609375,0.8921928405761719,2.277864016138505,4.803337097167969
2621,3.9123375415802,0.3701879,1.2183688,331.20849609375,1.24554443359375,0.47576673437053785,2.4445037841796875
2622,4.065858840942383,1.3105749,5.7211695,100.33203125,0.9750328063964844,3.434888229580853,10.520790100097656
2623,4.179691791534424,0.544925,2.3267608,0.766845703125,2.3061447143554688,0.12477737070356909,1.6933822631835938
2624,3.1761398315429688,0.91349274,3.6332278,91.76318359375,14.502571105957031,3.1928619941170098,7.8261871337890625
2625,4.134041786193848,0.5511926,2.0910149,3.05712890625,6.506847381591797,1.290659941767359,4.393707275390625
2626,3.0069692134857178,0.67664146,4.7889543,357.779541015625,0.20192337036132812,6.4328902884854955,16.114120483398438
2627,4.3286237716674805,0.9249606,2.694179,283.7998046875,4.8249969482421875,2.5102825559084643,5.1837158203125
2628,1.2292903661727905,2.5219882,13.030201,78.052490234375,14.162994384765625,4.734021592325501,13.110450744628906
2629,4.217013359069824,0.491392,1.937634,104.670654296875,7.484180450439453,2.763180647454181,6.982933044433594
2630,3.443063497543335,1.0122378,2.1348138,125.063232421875,7.612648010253906,0.5667724293121736,2.2322158813476562
2631,4.31426477432251,0.7389255,1.8782642,189.76953125,3.7898521423339844,0.5830356941933736,1.2371063232421875
2632,4.473746299743652,0.3100651,2.1659234,184.201171875,4.07379150390625,0.6845565212975195,2.18963623046875
2633,3.325894594192505,0.5309785,3.029949,395.51416015625,4.644279479980469,4.700521399016335,11.030364990234375
2634,3.2218940258026123,0.5821933,2.6495838,366.870361328125,6.329593658447266,0.2919563214729237,2.4612274169921875
2635,2.635831117630005,1.2669321,7.9527926,1499.649169921875,4.683971405029297,4.714575600940492,18.125762939453125
2636,3.243424415588379,1.3625793,9.312249,1123.917724609375,1.6604957580566406,6.379302365731416,21.856361389160156
2637,4.447445392608643,0.65049547,3.3031456,310.7783203125,8.726219177246094,3.24081001999744,8.269058227539062
2638,3.122323513031006,0.93517274,1.4431009,479.374267578125,3.7404937744140625,5.530122647878667,12.807022094726562
2639,3.2434117794036865,2.1149516,9.772067,15.474853515625,10.787513732910156,5.183385482790307,16.85535430908203
2640,2.663203239440918,1.1572603,6.023026,1124.18896484375,3.9689369201660156,0.21909416884343003,8.368659973144531
2641,3.324296712875366,0.6460094,2.9943287,78.312255859375,3.600421905517578,1.0143416324718828,1.874176025390625
2642,2.766436815261841,0.656616,1.3751295,141.356201171875,7.892757415771484,2.1170154394501424,2.9519195556640625
2643,3.249377965927124,1.287469,4.9139457,32.279052734375,8.490943908691406,2.7857031836874278,14.189918518066406
2644,4.121199607849121,0.81213385,2.5756114,40.4078369140625,2.2025794982910156,2.0989391951269347,4.753150939941406
2645,2.846954345703125,1.3806986,8.812525,1027.33984375,6.705257415771484,8.479076299382584,25.37169647216797
2646,2.2294669151306152,1.1728377,3.3186424,914.40478515625,6.166748046875,3.856739431065506,8.50677490234375
2647,2.760998010635376,1.6730021,5.472189,105.8291015625,7.570270538330078,4.650440303556284,10.502143859863281
2648,4.224090576171875,0.6789531,3.417297,168.9736328125,4.120735168457031,0.8853876173554696,1.2914505004882812
2649,3.625460386276245,0.5238417,2.2690325,67.136474609375,4.6199951171875,3.5955905250676814,8.00238037109375
2650,4.414231300354004,0.56376266,2.6396995,64.136474609375,1.8975486755371094,3.428530032524641,8.198600769042969
2651,3.4613711833953857,1.0770975,4.661538,1373.5584716796875,0.14690780639648438,3.6707428708639185,0.6998443603515625
2652,1.7492904663085938,1.7476736,7.558381,282.176025390625,8.992156982421875,2.9834332988757737,10.739532470703125
2653,2.10463547706604,2.355818,9.6784525,451.59716796875,12.897865295410156,8.889349345356848,21.52788543701172
2654,4.001982688903809,1.1486541,7.4918976,754.27099609375,5.884979248046875,5.105641284316242,14.349647521972656
2655,3.8606021404266357,0.55963576,1.154964,46.895751953125,8.14474105834961,2.360923425155086,5.288230895996094
2656,3.6486623287200928,0.7275755,2.9346685,71.782470703125,9.847976684570312,3.8685305279574997,10.018836975097656
2657,3.0334157943725586,0.41592097,0.7832147,47.985595703125,12.584556579589844,2.6165641042445245,6.0605010986328125
2658,3.9871232509613037,1.3755112,5.6213093,35.072021484375,3.9282760620117188,6.652071818960895,16.727554321289062
2659,2.117269515991211,1.4565187,6.86619,99.3238525390625,7.596446990966797,4.581611268520469,10.925300598144531
2660,3.7949674129486084,0.30510524,1.7352643,219.43701171875,6.994598388671875,3.314278099957704,7.139137268066406
2661,3.4673306941986084,1.2716701,3.304303,12.14111328125,5.9755706787109375,5.934013514534566,13.38104248046875
2662,2.9475884437561035,0.5580416,2.6026607,191.3984375,2.590850830078125,0.3910216632478445,0.0556488037109375
2663,2.542142629623413,2.4901059,9.116698,31.722412109375,14.948585510253906,7.997011458026659,21.471134185791016
2664,4.280124664306641,1.0143341,5.5395317,52.89208984375,4.162528991699219,5.2637147624986795,12.945823669433594
2665,1.3419544696807861,2.573266,9.891994,172.749267578125,8.17281723022461,5.306088628789624,12.0626220703125
2666,3.673095464706421,0.55081755,1.513655,233.44287109375,2.7689857482910156,3.7310617478363106,8.358001708984375
2667,3.687960147857666,0.80437297,1.3634286,512.25634765625,6.7938079833984375,2.9743510651672054,6.088142395019531
2668,3.954686403274536,0.5567072,1.16521,56.172119140625,7.467708587646484,0.19306560601454592,1.0722122192382812
2669,2.8518643379211426,2.2242744,9.463339,16.341796875,19.38956069946289,6.094526362844611,16.700393676757812
2670,3.2051842212677,1.4506124,11.776507,1434.10302734375,9.275638580322266,8.282976618181635,27.4736328125
2671,4.100172996520996,0.9219172,4.757471,25.378173828125,7.399650573730469,1.943979973584586,9.93212890625
2672,3.117138624191284,1.8138157,6.702158,141.845703125,12.931865692138672,7.778216443249221,19.022979736328125
2673,4.422062397003174,0.6879542,3.1518166,743.3704833984375,1.0090065002441406,4.407937498892416,8.887069702148438
2674,1.1128122806549072,3.4870155,20.57521,73.985107421875,18.643030166625977,10.767817540625323,27.00054168701172
2675,1.7178738117218018,2.1132996,8.998965,150.7015380859375,11.873699188232422,4.441001969298938,10.698436737060547
2676,3.4380130767822266,0.5743043,1.388063,26.14697265625,5.897602081298828,3.1351039170228248,6.403877258300781
2677,3.6405999660491943,1.0177323,5.770747,285.7691650390625,14.267940521240234,6.649682929986234,18.639907836914062
2678,3.7037014961242676,0.7086645,2.4379194,185.914794921875,6.818035125732422,3.8788743013842364,9.494735717773438
2679,4.036426067352295,1.282506,5.003576,160.720703125,3.2235755920410156,2.8784630345068045,7.819343566894531
2680,2.8420746326446533,1.3814949,4.925767,1120.032470703125,5.102977752685547,7.8959762731301595,23.403915405273438
2681,3.044734239578247,1.8895116,2.3874557,724.07861328125,6.947452545166016,7.563870694938483,19.536102294921875
2682,4.159511089324951,1.7397748,5.0345116,56.517822265625,5.008571624755859,8.489777211147405,21.62622833251953
2683,4.39040994644165,0.8837196,2.6081822,321.7098388671875,0.4024162292480469,0.3528782505603445,2.166107177734375
2684,3.068936347961426,0.9036065,1.649065,349.0927734375,5.468624114990234,2.3795120049068075,5.425743103027344
2685,3.1595921516418457,1.2827598,9.361825,1397.140625,7.777984619140625,4.168904762629754,16.699539184570312
2686,3.9858226776123047,0.5775299,1.9008055,217.795654296875,3.118328094482422,1.0163614007039854,3.2524948120117188
2687,3.737624168395996,1.4802619,4.5374126,278.430419921875,3.0684165954589844,1.5384721879905783,3.6065902709960938
2688,3.4591729640960693,0.39026752,1.7521707,298.26416015625,6.116588592529297,2.001286181116715,4.3146820068359375
2689,3.8467295169830322,0.8652399,2.9059157,81.964599609375,5.745876312255859,0.9969155933160785,4.186119079589844
2690,3.1878607273101807,0.9245861,4.424659,118.545654296875,5.0497283935546875,3.6166289784799943,9.570701599121094
2691,3.2481939792633057,1.0820054,2.0597837,703.568603515625,9.41769790649414,10.217139873162509,24.286331176757812
2692,3.073253631591797,1.2311407,8.579406,1610.6217041015625,4.29302978515625,3.421950473658036,15.575691223144531
2693,3.567277193069458,1.2681842,5.2613983,9.4822998046875,2.0964736938476562,7.346737606070807,16.718948364257812
2694,3.393441915512085,0.35604712,1.9009169,140.8616943359375,2.8562355041503906,2.6706839005123584,6.976402282714844
2695,3.2173337936401367,0.58332795,5.305813,619.4281005859375,3.023387908935547,2.0621337577984633,7.850502014160156
2696,2.8299717903137207,1.3352376,6.0480685,229.230712890625,11.93082046508789,3.1143668435043352,9.574748992919922
2697,3.306824207305908,2.2923486,7.776358,184.0380859375,7.585624694824219,8.942873300308825,21.686965942382812
2698,3.5509302616119385,1.3601876,3.000894,299.130126953125,4.164791107177734,5.556113537736174,12.238441467285156
2699,2.280817985534668,1.2236546,8.907326,1295.841552734375,4.429218292236328,2.6916245245288017,14.148262023925781
2700,2.8637235164642334,1.5145555,6.7903385,233.7535400390625,14.98208999633789,4.167338858726296,15.012702941894531
2701,4.0505595207214355,1.4576398,4.9815407,321.614501953125,2.4211654663085938,6.373694160743209,16.82616424560547
2702,2.3649818897247314,0.72821873,2.5448637,337.36865234375,4.3406524658203125,3.4835568173896228,7.086250305175781
2703,4.362608909606934,0.6147771,3.2709832,6.55029296875,1.565093994140625,3.8331578946044154,9.057472229003906
2704,1.3309612274169922,2.4596155,8.07506,271.7388916015625,8.146915435791016,3.094136611112148,9.019851684570312
2705,3.987950325012207,0.87437207,4.695066,59.8201904296875,0.24934005737304688,1.1252595194971775,3.7409286499023438
2706,4.50421667098999,0.26316383,1.9799767,18.397216796875,1.8112945556640625,0.7481178419364625,1.4681396484375
2707,3.2129807472229004,1.1915625,7.512307,563.25830078125,1.8402061462402344,0.3970941344933081,5.959938049316406
2708,4.205455303192139,1.2287904,7.0377345,23.6875,3.6395912170410156,6.692530297826284,15.599151611328125
2709,4.0488457679748535,1.2412316,3.6148424,323.789794921875,4.749725341796875,3.1338404777488833,7.877143859863281
2710,3.9032273292541504,0.55989575,3.4222448,100.37841796875,0.160888671875,4.874272175610617,11.201873779296875
2711,3.5742108821868896,0.37623647,0.7865126,298.538330078125,6.8887786865234375,0.8007607496018956,1.6641464233398438
2712,4.261159896850586,0.3822668,1.0863298,0.0625,3.9223670959472656,3.966001246908501,8.150382995605469
2713,2.9189951419830322,1.20783,7.519993,972.397705078125,1.3424873352050781,2.2386611395771894,10.401199340820312
2714,3.232574701309204,0.5529687,3.582685,21.10595703125,2.0118331909179688,2.0385695267421298,2.8131637573242188
2715,3.4345755577087402,0.59174806,1.4481134,103.0498046875,9.74728775024414,0.16083938228153727,1.2690811157226562
2716,2.505295753479004,0.799689,4.3371983,295.4102783203125,1.1680145263671875,0.15097765617449,1.9636154174804688
2717,4.270957946777344,0.8152234,2.7173629,175.5693359375,1.8697700500488281,7.71599435031597,17.865814208984375
2718,3.994035243988037,1.2765406,3.7490969,676.68994140625,5.559215545654297,2.021803420044815,3.214996337890625
2719,4.331862449645996,0.6683591,2.3324912,252.217529296875,2.5589942932128906,4.222163238908802,10.898490905761719
2720,1.9288973808288574,2.958046,12.546768,3.565185546875,13.577327728271484,10.634240288365103,25.051651000976562
2721,2.751652956008911,1.1875747,4.3958974,1422.0596923828125,7.4469451904296875,1.072788432602124,3.6105880737304688
2722,4.203936576843262,1.1933991,4.031567,189.7109375,2.766681671142578,6.649141491419709,14.293746948242188
2723,1.4051239490509033,3.2596905,12.438788,105.327880859375,22.506011962890625,9.730989137029464,27.698169708251953
2724,3.2305567264556885,1.4819981,5.6310644,261.6751708984375,4.004291534423828,3.3823505226323256,6.83673095703125
2725,2.4539237022399902,0.62221855,3.599098,494.972412109375,5.738735198974609,0.8336416573226089,5.112510681152344
2726,3.087620496749878,1.0215031,2.247916,56.831298828125,11.498504638671875,0.632653551748767,2.2194137573242188
2727,4.12367057800293,1.12372,4.542894,45.714111328125,2.7738075256347656,1.8413165232814421,5.198890686035156
2728,1.997780442237854,2.3978674,7.7128277,755.812744140625,7.8024139404296875,2.8482837906963567,6.790367126464844
2729,2.794752359390259,1.2060887,2.4511409,1411.317626953125,7.124702453613281,5.593040328325159,19.502532958984375
2730,2.053842306137085,1.2157959,2.7123454,263.5284423828125,8.32400894165039,2.4173352467219402,4.76531982421875
2731,3.992022752761841,1.4845301,8.661205,426.080078125,10.793281555175781,7.3925418481015015,18.956825256347656
2732,2.8056867122650146,1.034603,2.1685731,527.519775390625,5.051403045654297,1.7086646235484082,4.2018585205078125
2733,1.3770780563354492,3.4693072,10.447575,4.37158203125,25.983375549316406,7.74143872619549,27.383262634277344
2734,2.1196866035461426,1.676036,10.967934,411.10595703125,7.1351776123046875,5.492967313682971,17.831520080566406
2735,2.6040656566619873,1.9878453,6.95919,268.6973876953125,7.1105194091796875,5.037796147129711,10.853668212890625
2736,3.6034255027770996,1.0690213,1.142212,624.272705078125,2.726043701171875,2.923827476118447,6.517555236816406
2737,3.434037208557129,1.2373295,8.291735,697.357177734375,4.074165344238281,5.409946731321398,16.626785278320312
2738,2.9331274032592773,0.7493658,3.3247843,621.221923828125,7.225292205810547,2.9942675456812395,7.7389373779296875
2739,3.7633397579193115,0.7908508,2.4852738,13.584716796875,8.486820220947266,3.024547945649868,7.232276916503906
2740,2.516331672668457,1.0479316,3.8813238,173.2642822265625,6.250461578369141,5.262747764107019,12.977737426757812
2741,3.3868138790130615,0.6941829,0.98051715,191.4873046875,4.292255401611328,1.0111425380912564,1.5555267333984375
2742,3.3808555603027344,0.57206374,2.2643573,190.255126953125,5.685768127441406,1.846636207795747,4.5832672119140625
2743,3.0481226444244385,1.3367138,7.5562415,1568.4561767578125,6.286014556884766,5.416015931436018,20.232955932617188
2744,3.7200682163238525,0.5103406,1.4069152,461.690673828125,2.8128738403320312,5.293048472752648,12.663253784179688
2745,3.1460344791412354,0.5863928,1.900712,27.6483154296875,4.437877655029297,2.0699670467706213,4.64288330078125
2746,3.7342865467071533,0.7019758,2.1090424,143.44921875,6.377170562744141,3.8409295953533764,9.55303955078125
2747,3.822908401489258,0.44249308,1.3547765,103.99853515625,8.919544219970703,0.7649629044272466,2.3786163330078125
2748,4.221543788909912,0.5097829,3.132228,58.121337890625,6.264286041259766,2.6514169046843534,6.680076599121094
2749,4.139441013336182,0.46173796,2.0881474,93.835205078125,6.62152099609375,4.8596960522215795,11.03497314453125
2750,1.9165724515914917,1.1957756,2.9988983,14.053466796875,5.50286865234375,1.705006772465957,3.85357666015625
2751,3.2873594760894775,0.68514824,2.2783566,164.6009521484375,5.815303802490234,1.2014234481862474,3.7493667602539062
2752,3.6751677989959717,0.777806,2.4149947,60.857666015625,3.95025634765625,0.5598792560568349,1.0033187866210938
2753,3.6395721435546875,1.1225344,2.2487197,297.8765869140625,4.823162078857422,4.404382784333631,9.441154479980469
2754,1.3212432861328125,3.2998226,16.102667,325.184326171875,13.925376892089844,8.665234785278628,20.143234252929688
2755,4.240993022918701,0.5567506,1.8879858,596.55126953125,5.6061859130859375,3.669901331680201,10.196258544921875
2756,3.267184257507324,0.8674703,1.9835641,49.3515625,11.204021453857422,3.153966473499228,8.293540954589844
2757,3.1733577251434326,0.59369355,3.1156745,256.754150390625,10.93243408203125,2.7573230763068644,6.743995666503906
2758,1.224393606185913,2.9077585,10.853316,192.5865478515625,6.752429962158203,6.558952203611547,16.445404052734375
2759,4.486545085906982,0.28193092,1.4082868,141.581787109375,4.801357269287109,1.0775656924552983,3.343231201171875
2760,1.4714868068695068,2.3956137,13.930069,243.007080078125,21.980083465576172,8.719417478657345,22.21014404296875
2761,4.378528594970703,0.62226254,2.2347434,110.211669921875,4.335376739501953,0.5087270537627404,2.4560089111328125
2762,3.0006155967712402,0.7400395,1.5114843,606.784912109375,11.461128234863281,1.742360945906917,3.62298583984375
2763,2.4352502822875977,1.3943251,4.3141956,301.216796875,7.76220703125,0.4349698776253419,0.49310302734375
2764,2.575390338897705,0.6337894,0.65353954,43.9375,15.597553253173828,1.0715408605991925,2.1125717163085938
2765,3.7829177379608154,0.45060787,0.795033,3.6435546875,11.02193832397461,2.0492985104420853,3.9561004638671875
2766,1.8977198600769043,2.1752863,13.6045065,222.67822265625,10.676422119140625,6.494366696168157,14.53887939453125
2767,3.6526479721069336,1.0016769,2.0947344,807.410400390625,4.2647705078125,3.250028793107724,1.419891357421875
2768,1.0769544839859009,3.8111222,16.986378,398.0322265625,13.814054489135742,4.7447967196857235,15.072486877441406
2769,4.311490058898926,0.45697185,1.2905653,166.975830078125,6.450977325439453,3.0602133048053766,6.80633544921875
2770,2.7246320247650146,1.158271,3.9964988,574.728759765625,4.250156402587891,5.727184904792612,13.426383972167969
2771,3.544300079345703,1.1771994,1.7128568,20.59912109375,12.487945556640625,3.6966936364556027,9.888076782226562
2772,3.5484914779663086,1.1252848,3.310222,296.50927734375,2.434581756591797,3.677770363922665,8.2027587890625
2773,4.217105865478516,0.56808853,1.4944597,252.2841796875,4.792842864990234,3.2858948592405,8.481773376464844
2774,1.2021150588989258,2.3074658,9.8622055,120.732177734375,14.091026306152344,4.784374605652808,14.497528076171875
2775,4.258059024810791,1.022098,2.8512821,9.66748046875,0.9885520935058594,7.261262800584227,16.6624755859375
2776,3.4425268173217773,0.8611533,6.171027,541.365234375,7.64251708984375,3.513797686398185,9.35284423828125
2777,3.8358538150787354,0.5105798,1.3250422,189.37841796875,0.6390724182128906,2.245456572626548,4.078086853027344
2778,2.7450296878814697,2.4725235,10.70607,396.5712890625,16.040695190429688,7.067418836052791,19.425647735595703
2779,3.803929328918457,1.1559833,4.4712667,1422.506591796875,4.152202606201172,6.074163381081256,19.661956787109375
2780,3.263932943344116,0.7546291,2.848225,100.927001953125,10.049049377441406,0.3292278276650009,2.6292190551757812
2781,3.061335802078247,0.29532975,0.79837227,42.925537109375,6.195243835449219,1.1879917078726052,2.6167221069335938
2782,2.5221168994903564,2.2524037,12.78573,340.811767578125,10.768928527832031,9.215137575955183,23.146007537841797
2783,3.6399879455566406,0.45195368,2.1747909,188.105224609375,3.8494796752929688,2.0682797771079997,5.519050598144531
2784,2.53477144241333,1.2785097,3.1013777,1086.200439453125,0.7361068725585938,2.598504998231011,6.2130889892578125
2785,2.8699100017547607,1.3553395,6.4348874,1106.3111572265625,0.8025894165039062,5.813472159804057,19.3768310546875
2786,1.7448508739471436,1.6476198,5.291823,66.9771728515625,4.836362838745117,0.5230306954146506,0.38492584228515625
2787,3.046286106109619,0.7194228,2.2937353,421.98583984375,11.150379180908203,1.423469611192548,4.803947448730469
2788,1.1599863767623901,3.5450928,15.862619,71.203369140625,18.804031372070312,9.358510362942773,23.907859802246094
2789,3.3013763427734375,0.81001943,1.3006854,668.039306640625,1.5534858703613281,1.506768088786174,2.4410552978515625
2790,3.57289981842041,1.1513255,5.5597043,1369.1126708984375,7.200618743896484,3.4690856658043536,14.805038452148438
2791,4.236236572265625,0.56518286,1.5456623,149.10009765625,4.480274200439453,0.18067341636679046,0.326995849609375
2792,1.1180464029312134,3.172353,13.798135,109.93017578125,10.037040710449219,8.579929116910343,22.671947479248047
2793,3.4639382362365723,0.53887874,0.9118078,191.47705078125,7.528846740722656,1.757792206627233,2.898590087890625
2794,2.641756534576416,0.91795087,1.4058275,202.631591796875,3.630950927734375,0.6444346830971526,0.7023696899414062
2795,4.024656772613525,1.2496433,3.811664,96.247314453125,5.232120513916016,2.802784806289015,7.281944274902344
2796,2.3198671340942383,1.4894123,6.5777392,1214.14453125,4.943088531494141,6.220871306306648,19.071502685546875
2797,4.256072521209717,0.5385739,2.0947604,9.3525390625,0.6347770690917969,2.740077970013033,7.044013977050781
2798,4.343852519989014,0.5132785,1.4348152,41.1005859375,3.798828125,2.5922820595263474,6.401054382324219
2799,3.182490348815918,0.8855091,4.055457,128.8125,8.001102447509766,4.226811316004365,10.281097412109375
2800,4.288695812225342,0.21154456,0.79897386,43.619140625,1.4121971130371094,2.536516035480563,5.1746673583984375
2801,3.1123721599578857,1.0481298,2.3073413,134.239013671875,15.58963394165039,6.441700811215071,14.869377136230469
2802,4.228816032409668,0.41631266,3.7103715,18.64599609375,2.482563018798828,4.595225677900199,10.454078674316406
2803,3.3070592880249023,0.55537474,3.8776207,169.9263916015625,6.121734619140625,1.2004635788307674,4.773857116699219
2804,2.888042449951172,0.85259914,2.341969,395.674072265625,7.096046447753906,3.393607280945968,8.678787231445312
2805,3.586013078689575,0.9732043,4.994695,406.4251708984375,0.9431800842285156,0.25340212760895753,1.7773513793945312
2806,2.9168787002563477,0.60207707,2.286554,25.570556640625,6.859699249267578,3.1446580063128913,6.931175231933594
2807,3.0347237586975098,0.8361438,3.0527666,835.74560546875,0.6826095581054688,1.4757752496908054,5.0818634033203125
2808,3.669509172439575,1.3676068,4.9225645,1333.1929931640625,6.454898834228516,9.485461124455732,29.248153686523438
2809,3.6306562423706055,2.4269269,3.6154928,498.5751953125,12.791034698486328,13.58391597895849,31.65575408935547
2810,3.7235639095306396,1.2298204,2.8320246,138.7568359375,3.2321510314941406,7.2819199972074955,16.818695068359375
2811,2.7587149143218994,1.9514685,8.826969,48.222412109375,8.652568817138672,6.318744305097976,14.846050262451172
2812,1.3915362358093262,2.5290592,11.381837,117.587890625,11.487899780273438,3.409994521548814,9.84521484375
2813,3.598949432373047,1.3312602,2.8130698,1287.26953125,13.432022094726562,4.173184149457448,2.8902511596679688
2814,3.5839121341705322,0.85563827,4.231196,750.496826171875,2.417987823486328,3.794111286410164,8.972297668457031
2815,3.7741966247558594,0.58275175,1.6202948,178.56103515625,12.159881591796875,1.4909174786009238,4.454948425292969
2816,3.8352155685424805,1.0514221,3.1914046,115.133056640625,8.226715087890625,2.16820537190063,5.572654724121094
2817,3.952432632446289,0.73369884,4.1780624,80.505126953125,8.173545837402344,1.9305908404637364,5.037971496582031
2818,2.7943410873413086,0.42203858,1.2686245,39.760009765625,2.920269012451172,1.3160591744725956,2.659820556640625
2819,3.5527937412261963,1.0530711,2.6705456,263.296630859375,4.583354949951172,2.1563900929544744,4.5340576171875
2820,3.225022077560425,1.1165712,4.235987,72.6865234375,1.6245918273925781,3.5110787048387664,4.4953460693359375
2821,2.898089647293091,0.61898416,2.0773535,29.334716796875,2.9290084838867188,0.6469308262074236,0.06510162353515625
2822,3.5404860973358154,1.1100155,1.685262,386.326171875,11.33102798461914,0.47587221865400053,0.15048980712890625
2823,2.233067750930786,1.2889696,5.505171,1610.4324951171875,4.701751708984375,2.0812032683422856,2.33660888671875
2824,3.084336996078491,0.54954106,0.96890926,193.3388671875,8.675666809082031,0.38598678082737337,1.4703826904296875
2825,3.6653997898101807,0.46952257,2.1634932,407.596435546875,0.6498641967773438,5.785924002920339,13.886062622070312
2826,2.591093063354492,1.0279078,1.6269114,76.963134765625,10.973503112792969,1.8931373396614894,2.0184249877929688
2827,4.213314056396484,0.3249552,0.7552747,151.977783203125,1.1369857788085938,0.009054759044914817,0.7247085571289062
2828,2.58373761177063,1.3878447,11.224032,1205.869873046875,8.348991394042969,4.359129505916876,15.638031005859375
2829,3.9671974182128906,0.71832657,2.9818835,132.976806640625,8.17251205444336,3.2049626946124157,8.789451599121094
2830,3.484529733657837,2.317169,9.759166,0.466552734375,7.6633148193359375,10.839027948567836,26.28675079345703
2831,2.2872791290283203,3.0359077,5.581771,27.61474609375,12.493293762207031,0.10061410066486332,22.767349243164062
2832,3.14125394821167,0.70736927,1.0067954,69.517822265625,7.221351623535156,1.195139466733501,2.03240966796875
2833,3.7011067867279053,0.65355843,1.4657193,513.198486328125,5.091606140136719,0.12549611748983125,2.8745498657226562
2834,2.3085217475891113,1.9212519,7.34044,138.011474609375,9.155635833740234,5.176106973730665,12.151325225830078
2835,3.7275805473327637,0.5951832,3.236154,445.5283203125,2.788341522216797,3.2864060216002606,8.835731506347656
2836,4.026251316070557,1.1879853,4.9171333,410.0921630859375,3.332317352294922,0.7216139717606787,1.2805328369140625
2837,3.65846586227417,0.48930895,0.6890089,329.12353515625,13.506229400634766,2.4072420862229933,3.002777099609375
2838,3.1910433769226074,0.46370363,1.928381,152.3916015625,5.244316101074219,3.6766566140106,8.460578918457031
2839,2.0834319591522217,1.7811745,10.436809,222.6959228515625,14.795886993408203,10.356164173049663,23.940841674804688
2840,2.7493703365325928,0.7687347,3.1974206,222.287353515625,6.385967254638672,3.966211294341921,9.689498901367188
2841,1.4010848999023438,3.652386,20.02558,264.9716796875,17.331050872802734,9.725980529082857,22.97116470336914
2842,2.221020221710205,0.88851804,3.5843794,236.2734375,0.9493865966796875,0.17951701950029886,0.5227279663085938
2843,4.014233589172363,0.85995966,3.7917726,319.958740234375,3.0308799743652344,7.647746708576289,17.87640380859375
2844,3.528838634490967,0.78402257,1.6426325,640.73046875,12.614612579345703,2.5422485145221074,5.7172698974609375
2845,2.65311336517334,1.277906,6.358341,1195.78125,9.58047866821289,6.486984764413194,20.946266174316406
2846,2.0547597408294678,0.7005577,5.100767,393.66552734375,11.72433853149414,1.4224855251493764,5.2614898681640625
2847,3.688011884689331,1.3857865,5.764793,174.03173828125,4.707622528076172,5.192952215711241,13.035995483398438
2848,4.483038425445557,0.47913536,1.4127023,73.4892578125,1.7664375305175781,1.0053095485133845,2.1627044677734375
2849,3.6325221061706543,1.1019231,4.3929987,1274.0443115234375,3.5388107299804688,4.002796742081035,15.6788330078125
2850,4.248790740966797,0.46640694,1.7003965,204.9013671875,0.7436141967773438,5.0808733801778345,10.843109130859375
2851,1.7276623249053955,2.9138477,9.722727,98.147216796875,11.599288940429688,6.346695819212165,18.664371490478516
2852,3.169564962387085,1.4960102,3.44355,241.18408203125,9.02804946899414,1.6505536688834184,4.475250244140625
2853,2.754918336868286,0.6153129,1.6393665,248.6142578125,14.073360443115234,2.113916739925642,3.5991897583007812
2854,3.827479362487793,0.38586143,0.89570177,169.931640625,5.851448059082031,1.9370062824079248,4.959846496582031
2855,2.361562967300415,2.7581913,16.772665,308.764404296875,14.071372985839844,8.424985081120195,27.317821502685547
2856,2.668177366256714,2.4526277,8.509363,25.0791015625,7.677707672119141,8.986146434804255,22.494674682617188
2857,3.7174742221832275,0.81167406,1.3753412,199.30712890625,12.053882598876953,1.192472544042964,1.655548095703125
2858,4.117732524871826,1.1274724,4.4237432,251.5767822265625,0.3912696838378906,2.5040701974734603,5.107887268066406
2859,3.548884630203247,1.1573435,4.8740034,1168.439453125,2.4011459350585938,0.3076784058178461,7.046600341796875
2860,2.6074299812316895,2.7161376,11.530518,73.287353515625,15.11346435546875,12.819720849834319,30.828155517578125
2861,3.9218199253082275,1.9392014,7.504744,220.968994140625,9.25613021850586,9.306440405294008,24.087600708007812
2862,2.7965505123138428,0.61317104,1.8476424,47.38330078125,8.533294677734375,1.6598562249688271,4.74945068359375
2863,4.119600772857666,0.6438901,3.0886574,10.05224609375,5.795871734619141,2.1366128757703677,5.699180603027344
2864,2.8629183769226074,0.5006551,1.1159918,175.540283203125,7.4722137451171875,0.8279413874085648,1.4121627807617188
2865,2.488377809524536,0.9406905,2.2859793,55.2545166015625,6.701377868652344,3.1557578489500138,7.372627258300781
2866,2.9991352558135986,0.8481106,1.7811978,13.808349609375,16.190818786621094,0.4556804726509469,1.5174026489257812
2867,2.6130032539367676,1.0972955,2.5208082,1034.11376953125,5.4710235595703125,1.2250515516673985,4.4090576171875
2868,2.392744541168213,0.643562,1.7036759,92.5478515625,6.625267028808594,4.353431968958098,8.931068420410156
2869,3.4558873176574707,0.56286967,1.2493691,8.277099609375,8.673576354980469,2.9088790038553505,6.253639221191406
2870,2.4667110443115234,1.4059185,8.384838,185.1243896484375,3.8701744079589844,5.032999940363734,10.607856750488281
2871,4.440529823303223,0.8645947,2.266222,195.969482421875,2.416889190673828,1.974026473172465,9.087181091308594
2872,4.2501397132873535,1.1901584,3.737863,281.601318359375,7.166927337646484,10.932419758459591,25.591583251953125
2873,3.3396177291870117,1.1276519,4.38708,53.0751953125,5.082241058349609,3.59713087581839,8.91162109375
2874,3.5743699073791504,0.42647305,4.301108,189.867431640625,1.7570953369140625,1.68675673944351,4.3149871826171875
2875,1.8182427883148193,1.1882671,5.220141,400.10986328125,7.654499053955078,3.544109493085145,10.563873291015625
2876,3.7016913890838623,0.51530737,1.0381933,68.775146484375,2.6220932006835938,4.7651000961085686,10.069602966308594
2877,3.240361213684082,0.88519865,1.5034759,84.32861328125,12.746910095214844,2.315995771399418,7.3954315185546875
2878,4.435775279998779,0.9477024,5.0056853,91.6669921875,2.6650238037109375,8.904199354165097,21.222396850585938
2879,3.1106560230255127,0.69057304,1.662432,271.748779296875,14.035579681396484,0.12095152589689917,0.5811920166015625
2880,1.104312777519226,3.3268137,14.873488,355.5177001953125,14.055004119873047,5.031231798798096,14.272743225097656
2881,3.096390962600708,0.6223454,2.093197,127.591064453125,3.212352752685547,1.1147848941553704,3.1490631103515625
2882,4.129129409790039,0.8247923,4.5103946,173.241943359375,2.5877647399902344,5.878423627152117,15.358802795410156
2883,3.4015450477600098,0.51094496,1.7279468,8.94775390625,9.888713836669922,2.974767029878098,6.936958312988281
2884,4.20632266998291,0.7091951,2.8300014,97.144287109375,1.8479042053222656,6.315277850713869,14.110488891601562
2885,4.429466724395752,0.71570253,3.862813,209.3115234375,1.8830680847167969,0.9363340600442882,2.0167312622070312
2886,3.461721181869507,0.6032073,2.8717766,543.251220703125,2.195293426513672,0.6412718677209632,3.3379058837890625
2887,3.8295035362243652,0.78408545,4.250469,257.8701171875,0.14310836791992188,2.3648113099027945,3.87713623046875
2888,2.8075084686279297,0.48080143,2.1475806,73.169921875,5.569202423095703,1.919027221025992,4.861480712890625
2889,3.545396566390991,0.9348507,2.196974,337.507080078125,10.156044006347656,0.12333812070284722,0.43361663818359375
2890,1.2868832349777222,2.6350145,11.523254,223.589111328125,9.428321838378906,6.307385009319152,14.349433898925781
2891,3.9662177562713623,0.43477723,1.3934429,10.19677734375,7.102531433105469,0.5409375293429903,2.1711807250976562
2892,4.300295352935791,0.6204204,2.3526971,195.072998046875,1.0696907043457031,0.048632633067764885,0.2728729248046875
2893,4.173915386199951,0.38956818,1.9851482,161.431396484375,6.5025787353515625,1.4541230042293982,4.403831481933594
2894,4.117443561553955,0.85085434,2.1261675,333.4755859375,2.3961753845214844,0.257896137081417,1.2689971923828125
2895,2.6503350734710693,1.2524673,11.542742,1478.2359619140625,3.739166259765625,3.041442070694842,14.125534057617188
2896,3.0129358768463135,0.74089926,1.1055381,89.10888671875,14.268726348876953,0.23301389928158756,0.0757293701171875
2897,4.267364025115967,0.28658542,1.7608988,101.988525390625,1.2415847778320312,2.0164722614351653,5.134529113769531
2898,3.5610222816467285,1.356665,5.0204835,451.891845703125,2.7729339599609375,0.15590517569536644,0.5601043701171875
2899,3.283229351043701,1.2973447,6.4120646,756.4149169921875,0.46913909912109375,3.4629033975440784,3.2914276123046875
2900,4.427250385284424,0.4906943,2.0656848,11.542236328125,0.13267898559570312,2.9373876267003283,8.433189392089844
2901,2.0501067638397217,3.2706673,10.9144945,130.86328125,13.946685791015625,12.736436581259007,31.15606689453125
2902,3.514326810836792,0.5221647,2.6028805,126.30712890625,2.3895034790039062,2.487554103114185,6.4337615966796875
2903,2.8809196949005127,1.1268183,3.9412298,1324.46044921875,1.7250289916992188,0.027354880564217865,6.3610076904296875
2904,3.960080623626709,0.47212362,5.126924,253.384521484375,0.09189224243164062,3.2307676724718135,7.8292694091796875
2905,3.935744285583496,1.0677367,2.6828341,147.968994140625,5.1381072998046875,2.597198644113778,7.306068420410156
2906,4.175131320953369,1.4551924,4.02869,136.09765625,5.9922943115234375,7.437381253705286,17.127792358398438
2907,3.832130193710327,1.0715812,3.0619564,131.10888671875,5.999782562255859,3.6055829681375826,8.768157958984375
2908,3.152628183364868,0.58532697,1.6163106,116.735595703125,4.497661590576172,4.9497312612435955,8.801223754882812
2909,3.665062665939331,1.4030579,6.145776,99.7686767578125,1.2466354370117188,11.050164045098906,25.764846801757812
2910,2.6643567085266113,1.3500185,9.823164,800.335693359375,8.234413146972656,0.20765421586942523,7.7288055419921875
2911,3.876336097717285,0.53829795,1.704778,355.62548828125,3.8563461303710938,1.2358060432219808,2.9275131225585938
2912,3.871483087539673,1.8802199,8.9759865,2.6572265625,6.383552551269531,7.765331582732848,19.51434326171875
2913,3.568779945373535,0.9497156,4.8011227,29.78271484375,8.936275482177734,3.683675374105988,8.688331604003906
2914,3.164780378341675,0.5793459,1.1866175,105.407470703125,7.443637847900391,2.9116000078934583,7.93988037109375
2915,4.265941619873047,0.43369612,2.9926934,432.03466796875,0.6348304748535156,5.25213361675171,12.651039123535156
2916,3.2179043292999268,0.82358485,1.2911887,65.072509765625,7.964221954345703,3.916159764095134,8.370590209960938
2917,1.8130418062210083,2.6672602,10.188319,276.397705078125,11.910964965820312,8.04005332698853,18.345611572265625
2918,2.924795150756836,0.6455443,1.2384586,182.09423828125,3.9616355895996094,1.70549149468453,2.985931396484375
2919,1.903019666671753,1.5238004,8.872674,35.8043212890625,5.426723480224609,3.2448158497657325,9.690177917480469
2920,3.2302086353302,1.0748578,4.557873,1642.978271484375,10.714187622070312,4.105862149212513,17.40711212158203
2921,3.9141955375671387,1.4192559,8.789882,66.74609375,5.770946502685547,7.766650297761352,19.68138885498047
2922,2.6913633346557617,2.1233246,2.8955154,870.3701171875,6.690219879150391,6.813243082125219,14.09405517578125
2923,2.974336862564087,0.9983924,1.5027415,30.966064453125,11.254261016845703,0.7734561157500366,0.8839263916015625
2924,3.6348345279693604,0.3378835,1.0258522,122.7724609375,8.035785675048828,1.4635286560089078,2.927276611328125
2925,2.079012393951416,0.56158775,4.37317,582.3453369140625,9.564231872558594,2.6006768043590007,7.554298400878906
2926,3.766578197479248,0.74622315,4.6218276,329.87841796875,0.12751007080078125,7.185251312722773,16.270843505859375
2927,4.11431884765625,0.64563006,1.8731544,209.514404296875,2.5840225219726562,1.0866638934540127,2.6956253051757812
2928,4.245382308959961,1.1205083,5.7866664,24.42333984375,4.374092102050781,7.6065515234462495,17.47986602783203
2929,2.5044538974761963,0.9408961,1.5590341,79.982421875,11.99843978881836,0.03866610611566301,1.4580307006835938
2930,3.5208380222320557,1.2039675,9.922871,1598.2203369140625,7.030361175537109,4.3315282943427,18.068458557128906
2931,2.8491315841674805,0.5645666,1.2521738,167.09619140625,12.07150650024414,0.45849937635603055,1.5472488403320312
2932,3.680790662765503,0.57333976,2.8092513,12.8883056640625,0.2582817077636719,3.0690219898094675,7.203041076660156
2933,2.6259472370147705,1.3110278,7.4627137,1127.873046875,7.613685607910156,5.413338069753781,20.545318603515625
2934,2.364650249481201,1.2931795,6.9806795,1247.4664306640625,3.636627197265625,3.9564525784579487,17.00188446044922
2935,3.8426475524902344,0.8709834,3.9572365,682.12158203125,3.1554412841796875,2.449454147313201,7.058052062988281
2936,1.3276958465576172,2.2167068,8.641422,456.0477294921875,12.199005126953125,5.249286744409769,10.676506042480469
2937,4.2569098472595215,1.0096873,3.3153632,395.400146484375,2.3409156799316406,3.792482313371707,9.070182800292969
2938,2.5767927169799805,0.7333689,2.921537,70.06884765625,6.7015533447265625,0.4708074049360853,1.58453369140625
2939,2.963179111480713,1.7198602,4.136607,241.104736328125,10.773845672607422,2.643960567225079,9.318061828613281
2940,2.7227840423583984,2.8310573,14.948628,31.50244140625,13.364189147949219,10.708595279548504,25.698650360107422
2941,4.487914562225342,0.644485,2.1055436,59.7587890625,2.5391883850097656,2.233461598332802,5.151100158691406
2942,4.06831693649292,0.84508085,3.689527,69.775390625,1.9359626770019531,3.86947954217268,10.561576843261719
2943,3.2919795513153076,0.7180648,1.492525,414.9189453125,3.2409095764160156,1.534798694969183,4.005989074707031
2944,2.7647042274475098,0.73861194,0.94667053,42.150146484375,12.49215316772461,0.2759424993412978,0.3701171875
2945,3.740523338317871,1.4108448,4.8789535,283.42138671875,11.445899963378906,7.3859297537669555,13.833084106445312
2946,3.6413772106170654,0.49440375,2.66543,152.9560546875,8.290790557861328,1.8033766311765156,4.173866271972656
2947,4.126288890838623,0.8558049,3.7892733,177.905029296875,3.2326583862304688,3.3427811194440338,8.257522583007812
2948,3.501051425933838,0.8287719,1.6981857,590.17578125,2.6324386596679688,1.8303517213229519,5.680320739746094
2949,3.1306238174438477,1.4840986,7.9063644,45.518310546875,18.343761444091797,4.006764142701883,11.075401306152344
2950,3.521338939666748,0.30205607,1.03721,138.612060546875,6.0354766845703125,1.0696832954286286,2.4742660522460938
2951,3.281277894973755,0.6239807,6.0824456,926.1103515625,4.8202056884765625,5.667296409679285,15.388435363769531
2952,3.944530487060547,0.5332148,4.598375,357.5543212890625,7.758213043212891,3.92594458796108,10.391700744628906
2953,3.7697200775146484,0.35262764,0.6273305,51.827880859375,10.157341003417969,3.978940091390207,7.97125244140625
2954,4.169461727142334,0.50534195,1.8588839,91.701416015625,2.8877182006835938,3.733312201417853,7.718116760253906
2955,3.5371317863464355,1.0185596,4.2062845,23.9334716796875,5.291748046875,2.430833445850819,5.830894470214844
2956,3.563497304916382,0.6454192,4.407983,401.618408203125,2.243244171142578,4.2509672158301015,11.001655578613281
2957,3.6648006439208984,1.0624571,2.8089652,339.505859375,5.113380432128906,3.5429437856743746,6.835319519042969
2958,2.9217886924743652,1.4675025,5.14493,47.2939453125,6.637657165527344,7.778384277652776,18.672653198242188
2959,4.298034191131592,0.5320022,1.8923795,18.86572265625,4.073009490966797,2.240695252254227,5.668487548828125
2960,1.5388009548187256,1.434342,6.5732107,280.0745849609375,1.7637443542480469,2.59673888464658,4.951606750488281
2961,3.404627799987793,1.2191023,7.242256,1247.965087890625,6.572109222412109,6.027137498171665,20.154205322265625
2962,1.8373565673828125,2.6978552,9.257912,217.47216796875,21.250511169433594,9.260955353109729,21.149364471435547
2963,2.6067631244659424,1.3941022,6.920016,1080.115478515625,7.027812957763672,5.936008964068584,20.333114624023438
2964,3.227144479751587,1.1696161,2.3351476,314.910400390625,7.172367095947266,0.7848004921577356,1.1850662231445312
2965,1.612151026725769,2.461438,14.583047,59.046630859375,23.38341522216797,9.946699310463242,24.497638702392578
2966,3.0804061889648438,1.2474622,7.5588136,1514.2054443359375,5.4818878173828125,8.852324553378896,28.056915283203125
2967,3.570312261581421,0.46933946,1.7404169,503.2060546875,2.1521949768066406,3.4953669433444112,8.441513061523438
2968,4.463527202606201,0.37985706,1.1919142,28.946533203125,2.8837318420410156,0.590591987167052,1.56787109375
2969,3.728358030319214,0.4572371,1.8525126,204.744873046875,3.785846710205078,3.2345863151767382,5.320564270019531
2970,3.5642378330230713,1.3498386,8.485303,207.3687744140625,2.9286651611328125,9.049276589550967,20.170486450195312
2971,3.618422031402588,1.6352535,2.906976,954.0018310546875,8.427902221679688,10.071391209448315,17.853530883789062
2972,3.591642379760742,0.7116172,2.1233654,747.50244140625,9.77109146118164,2.9204999632531496,8.137664794921875
2973,3.067307233810425,1.920063,7.811941,520.26025390625,4.726764678955078,5.3097093883970885,14.772209167480469
2974,3.9230501651763916,1.3673397,4.6371074,183.74755859375,9.768177032470703,5.303851252668924,14.330352783203125
2975,4.294154167175293,0.9852307,5.767123,230.8050537109375,3.6893539428710938,3.490831210909125,7.632904052734375
2976,4.109076023101807,1.0425953,4.3148427,270.4970703125,5.5204010009765625,3.2297940559544536,7.6245574951171875
2977,3.4094457626342773,0.7574334,3.5237532,315.15673828125,7.714241027832031,9.190783511707572,21.20618438720703
2978,1.1603879928588867,3.093295,11.642741,44.0867919921875,16.287139892578125,2.218419559452247,9.917964935302734
2979,3.191493272781372,1.1354238,2.7925625,1624.5081787109375,4.107704162597656,6.6102713843486,23.027511596679688
2980,2.0432064533233643,1.1698054,9.200991,48.390380859375,0.4180183410644531,1.8677633556199673,0.8777389526367188
2981,2.1163759231567383,1.1823479,3.7201936,189.52197265625,10.366436004638672,1.270313998140324,4.020606994628906
2982,2.524738073348999,2.464601,11.320685,31.80029296875,11.143571853637695,8.958342714568342,20.639183044433594
2983,2.577528953552246,0.8215789,3.9315853,109.7557373046875,9.348922729492188,2.537279395340203,6.7120208740234375
2984,3.657860279083252,0.9438122,1.8400145,167.21728515625,7.495479583740234,3.2018515550656197,7.363731384277344
2985,3.076148271560669,0.5865764,0.6219337,46.761962890625,12.947010040283203,0.613305237711117,0.853790283203125
2986,4.430774211883545,0.6051954,1.7905358,145.5567626953125,0.5895881652832031,1.4443563005703943,3.3540496826171875
2987,4.32564115524292,0.22613104,1.5684278,68.456787109375,0.9224319458007812,1.907029069985601,4.924957275390625
2988,3.138176441192627,1.8094157,7.5348716,44.747314453125,13.334396362304688,10.534285059926827,23.442909240722656
2989,4.453418731689453,0.53941584,2.7723017,71.580078125,0.22450637817382812,6.122358822158372,13.495452880859375
2990,4.4987335205078125,0.6018899,1.4353933,17.131591796875,5.274177551269531,0.5660844841807062,2.0650634765625
2991,4.04644775390625,0.28489935,0.51189786,78.101318359375,11.109004974365234,1.90449662240038,3.8274154663085938
2992,3.96087384223938,1.3207299,5.907628,177.670654296875,7.0360260009765625,4.223872094306667,8.718681335449219
2993,3.5355496406555176,0.4971565,2.0935001,74.0458984375,8.53719711303711,2.8948832931558997,6.428611755371094
2994,3.295468807220459,0.7365084,2.7983313,141.4322509765625,1.2735061645507812,1.565814596742321,3.2120361328125
2995,3.4319467544555664,0.8132622,1.4960126,832.434814453125,7.961029052734375,1.307818011302686,1.642242431640625
2996,2.91076397895813,0.5197647,1.1388087,240.5029296875,5.304332733154297,2.0340449177667708,5.480224609375
2997,3.4233062267303467,0.53098375,2.1192732,325.4072265625,3.4796104431152344,3.537323418509814,9.35272216796875
2998,1.4226596355438232,2.9856732,13.421724,12.308837890625,10.716514587402344,9.350663408970277,23.852027893066406
2999,4.539543628692627,0.6417606,3.0729249,223.81103515625,3.443134307861328,4.593127105597549,9.854690551757812
3000,2.9153013229370117,0.7591562,2.944469,9.3271484375,11.710952758789062,2.197261885506567,5.046478271484375
3001,2.743793249130249,0.70259744,3.8521678,286.0550537109375,7.696357727050781,1.7953126762325837,6.210472106933594
3002,3.474555015563965,0.65402937,1.5328068,39.419921875,13.612068176269531,1.0786119036426385,1.164398193359375
3003,2.9243063926696777,1.2021614,6.765773,1349.6904296875,1.9639396667480469,3.0591096450377897,14.174583435058594
3004,4.148596286773682,0.6280224,1.0418919,372.85986328125,3.0873680114746094,0.9361779927523628,0.5383682250976562
3005,2.3026278018951416,0.6014069,3.0374923,100.3885498046875,6.563396453857422,0.35456694735716354,0.1134796142578125
3006,2.042529821395874,2.428877,4.954238,882.0361328125,7.2006683349609375,9.285080964393291,22.843894958496094
3007,2.8023180961608887,1.7862129,4.623404,21.28271484375,7.125068664550781,12.273233052187365,28.590744018554688
3008,3.5008633136749268,1.846489,8.004149,193.5899658203125,4.98577880859375,4.869903563851857,11.344024658203125
3009,3.9566469192504883,0.45415345,4.860308,220.0272216796875,4.25054931640625,0.057265309324023406,2.0716323852539062
3010,2.785163640975952,0.5719295,2.024621,248.501953125,6.319736480712891,0.9834299606497652,2.1948013305664062
3011,3.4549314975738525,0.4457909,2.1688626,243.10107421875,7.462596893310547,1.1711341965556166,3.527984619140625
3012,4.004997253417969,0.47766885,2.946763,142.43212890625,0.2528495788574219,5.4385549625605805,12.087234497070312
3013,3.285963773727417,0.350885,1.349203,63.1982421875,5.384441375732422,2.1310497378556903,4.424903869628906
3014,3.3999438285827637,0.8094177,1.1454145,111.17626953125,8.638343811035156,1.8003638097915804,2.4766845703125
3015,3.390636920928955,1.1116623,4.9532003,1196.2159423828125,0.4593391418457031,2.7543875099572936,12.49871826171875
3016,3.574069023132324,0.6647337,1.50434,540.802734375,5.106231689453125,0.9269323380168508,1.6677017211914062
3017,1.3870097398757935,3.0089343,15.640384,276.3680419921875,12.838760375976562,7.631795174260457,17.601043701171875
3018,3.9055256843566895,1.231399,5.0701246,1460.2947998046875,2.7689476013183594,6.108742493599845,21.34040069580078
3019,3.4444739818573,2.1931722,10.843414,71.064697265625,8.620670318603516,8.999850311726334,22.402877807617188
3020,3.615781784057617,1.1551869,7.471012,1437.7904052734375,6.8298492431640625,5.593066257098005,19.261634826660156
3021,4.304584503173828,1.2712928,3.3271122,223.7310791015625,0.32147979736328125,8.441404820103195,17.46331024169922
3022,4.382655620574951,0.5008126,1.861564,186.53466796875,0.9691581726074219,2.3302635204184448,3.8061141967773438
3023,3.180083751678467,0.28655386,0.8460242,6.70556640625,2.6788673400878906,0.5196194728728756,0.6251068115234375
3024,3.138890504837036,0.7318861,1.6933069,111.84521484375,10.830940246582031,0.309836806449276,0.82861328125
3025,4.2612175941467285,0.44938734,2.293355,106.494140625,0.3338584899902344,0.7074100161944656,1.6032333374023438
3026,1.8306350708007812,1.0333424,5.736673,169.5792236328125,4.479583740234375,2.5526729762124347,5.903350830078125
3027,4.080827236175537,0.6507308,3.0943413,54.651123046875,3.6415634155273438,3.2312434649466297,7.7907562255859375
3028,4.340320110321045,0.33722806,1.1952835,176.947509765625,4.921558380126953,0.3102729612094741,0.7684402465820312
3029,4.461019992828369,0.3317999,3.2018058,155.2921142578125,4.673892974853516,2.0489410110546196,5.833709716796875
3030,2.751420736312866,0.8103687,2.8624234,310.22607421875,9.630107879638672,1.1476370849966102,2.3618392944335938
3031,4.166376113891602,0.50552243,2.0711153,361.685546875,2.98822021484375,1.5979967899504146,3.617095947265625
3032,3.0162417888641357,2.155838,10.616155,256.330322265625,11.256767272949219,9.775326883552054,23.993492126464844
3033,2.6634714603424072,1.2217025,2.430592,359.653564453125,6.998897552490234,2.6638387957751206,4.57965087890625
3034,2.971356153488159,1.2529615,6.590389,7.1785888671875,9.957263946533203,5.830157962244673,14.433372497558594
3035,4.601081848144531,0.35681117,2.3815608,5.538330078125,0.10259628295898438,2.198312292195258,5.099861145019531
3036,3.3956925868988037,0.7624907,4.7345552,174.921142578125,3.429576873779297,3.278913253287307,7.209739685058594
3037,3.302513599395752,1.0620924,2.5646944,543.059814453125,6.472591400146484,3.555534616107458,6.9257354736328125
3038,3.3086981773376465,0.61311847,4.5991664,13.90185546875,6.794208526611328,7.143088835827321,15.549751281738281
3039,3.6743006706237793,0.57348466,3.6931221,130.173095703125,6.88262939453125,3.3870090573686795,8.557670593261719
3040,3.5539865493774414,0.54058266,0.6492473,40.99658203125,10.523998260498047,0.6153170362505591,1.3781814575195312
3041,3.9420723915100098,0.5606268,3.2525854,18.145263671875,2.8691329956054688,0.7378890758178436,2.412994384765625
3042,3.890897274017334,0.56608784,1.2500389,172.207275390625,4.337436676025391,1.2715627545591914,0.7361221313476562
3043,3.783294916152954,0.6884792,1.626054,111.862060546875,5.865993499755859,3.339252803276409,7.137237548828125
3044,3.057849884033203,0.7984321,2.7544768,125.4267578125,10.516304016113281,1.6940919108064882,5.373771667480469
3045,2.405317544937134,1.4105998,4.641168,351.3253173828125,5.930389404296875,0.22184380703877693,1.214569091796875
3046,3.994839906692505,0.54126716,2.5310898,86.5758056640625,1.5817642211914062,0.8950246936175965,2.59161376953125
3047,4.347443103790283,1.0343003,1.3988659,548.602294921875,4.279632568359375,0.09832407278424427,0.09592437744140625
3048,1.881097435951233,2.335184,11.065605,272.090087890625,14.188255310058594,4.906366761526083,15.112548828125
3049,3.639569044113159,1.1092954,3.49812,75.63671875,4.815578460693359,7.87055845084641,17.62798309326172
3050,3.046800136566162,0.65751415,1.4302468,329.987060546875,7.8720245361328125,4.824974708313572,10.099647521972656
3051,4.443734645843506,0.40075025,1.1192505,36.0296630859375,1.7697296142578125,1.1031718023496175,2.4355392456054688
3052,1.6292898654937744,2.5782778,9.718572,124.634765625,18.266582489013672,2.3867418558698006,12.222457885742188
3053,4.052689075469971,0.7809396,2.1476088,314.1630859375,1.0670700073242188,5.251318000278399,11.677894592285156
3054,3.545124053955078,0.94170904,2.179074,63.42529296875,5.803184509277344,0.8275502357783502,3.8538742065429688
3055,4.397879123687744,0.4480071,1.6889359,157.34521484375,3.5066909790039062,0.4368965112654095,1.5916290283203125
3056,1.870272159576416,1.7703918,9.828737,103.528564453125,13.514595031738281,4.5856010585117986,11.249435424804688
3057,3.845020055770874,1.1098384,5.968786,57.2294921875,25.207313537597656,10.82881954765444,23.904075622558594
3058,3.675121784210205,0.9421573,2.9910052,283.328125,5.5738525390625,4.987011132737752,11.827560424804688
3059,2.746422052383423,0.9601137,2.9158256,96.844482421875,5.362884521484375,1.6465306947846834,3.5259628295898438
3060,3.922332525253296,0.5152544,2.8588161,388.46533203125,1.2817840576171875,4.07858794107614,8.34173583984375
3061,3.938819646835327,1.0094596,2.389075,211.953369140625,7.323680877685547,0.5548386803030532,0.69024658203125
3062,3.9119784832000732,0.98781985,4.231501,240.812255859375,3.223369598388672,1.0444530305269915,1.8027496337890625
3063,2.9491002559661865,0.9692362,1.5411947,35.203125,10.58639907836914,1.9178387677952955,5.314178466796875
3064,3.042325973510742,0.9228449,1.5940654,144.46826171875,11.017383575439453,2.9709728826711768,4.113525390625
3065,2.1341779232025146,0.7971768,3.9087284,2.759521484375,4.044193267822266,0.023107070273777452,0.19625091552734375
3066,1.6139488220214844,1.4107603,6.8650246,13.5963134765625,5.820770263671875,0.8018117193759942,2.1013031005859375
3067,4.49794864654541,0.23713852,0.7013444,43.3221435546875,2.2741317749023438,0.20212457138001128,1.0512619018554688
3068,1.0707770586013794,4.0188885,18.98304,347.323974609375,16.188425064086914,6.990516476396767,20.907913208007812
3069,2.6594552993774414,1.9414974,6.7432094,73.191162109375,10.60687255859375,6.180307386447538,19.428070068359375
3070,3.170762538909912,2.1323524,7.052101,602.86572265625,8.591197967529297,12.62846173064695,27.89708709716797
3071,3.0314738750457764,1.3401284,5.1205006,1170.379150390625,7.616249084472656,6.7960825635265785,21.87926483154297
3072,3.6285643577575684,2.1918871,4.394188,622.7685546875,5.229969024658203,7.217810789368215,19.21332550048828
3073,2.81986927986145,1.6139783,3.2200081,623.910888671875,8.332603454589844,1.3577699214136842,0.4464569091796875
3074,3.49582839012146,0.95751244,4.877319,119.49658203125,0.27011871337890625,2.2547936310659864,5.164985656738281
3075,2.863391399383545,0.8088588,2.052248,113.1328125,8.308509826660156,3.583255115384805,9.232032775878906
3076,2.813113212585449,0.5474326,1.7533557,164.94580078125,7.055519104003906,3.1297643312917174,6.890655517578125
3077,4.263436317443848,0.6590639,3.049063,43.489501953125,4.7774810791015625,3.7819611183598916,9.14886474609375
3078,4.509826183319092,0.43009433,1.3959577,130.0244140625,4.573333740234375,0.30405044777737444,0.1780548095703125
3079,3.8604846000671387,0.4719652,1.540837,66.5306396484375,7.112613677978516,0.09952347453205235,0.6782150268554688
3080,3.3995065689086914,0.6306236,1.5604005,495.458740234375,14.374404907226562,2.204059670666883,5.7405548095703125
3081,3.4392521381378174,0.71881723,0.68283117,709.381103515625,12.113533020019531,1.3046452423069894,2.8602981567382812
3082,3.1323509216308594,1.1000379,3.4274,85.06689453125,8.930648803710938,2.982817201138648,7.6342010498046875
3083,3.3206591606140137,0.4478997,1.7108568,209.8131103515625,0.9346504211425781,1.0002577895192744,3.3180999755859375
3084,4.0492448806762695,1.0878348,3.571437,334.736328125,5.457118988037109,0.7039828928614824,2.0600662231445312
3085,4.21481990814209,0.42220756,4.653443,232.2034912109375,6.312236785888672,2.6581808624330954,7.5876617431640625
3086,2.7832143306732178,0.96169704,3.3470783,517.751220703125,2.0180740356445312,3.7519020957426825,9.4857177734375
3087,2.7174203395843506,1.3212646,5.256307,1066.6351318359375,0.5226097106933594,4.042909554242655,15.034637451171875
3088,2.04262375831604,1.3932182,2.708824,565.798828125,7.624897003173828,0.49940734000132636,0.5093154907226562
3089,2.618177890777588,1.2052242,2.835864,49.50048828125,9.588977813720703,4.8924591699984425,12.454742431640625
3090,4.464862823486328,0.6511655,7.756014,369.7462158203125,3.676471710205078,5.366963131168898,10.611648559570312
3091,3.056917428970337,1.2691845,5.495164,1398.9639892578125,2.9666824340820312,4.292058383774691,15.583091735839844
3092,2.745793104171753,0.4531152,1.801013,45.83984375,5.257865905761719,2.496615050447602,6.4632720947265625
3093,4.198647499084473,1.539525,8.383905,226.0067138671875,1.8214073181152344,8.07805388360956,19.24078369140625
3094,3.9704339504241943,1.2034913,4.356495,131.421630859375,6.077522277832031,7.4249440216503615,16.883636474609375
3095,3.560468912124634,1.4358749,4.3361115,278.180908203125,12.289474487304688,8.631776980814951,21.1614990234375
3096,3.6732306480407715,1.1288337,6.475148,488.73828125,9.120574951171875,5.750970827433417,14.9576416015625
3097,3.791226625442505,1.1007065,3.9306412,206.37548828125,0.9340667724609375,1.8150725648272683,4.871734619140625
3098,4.028862476348877,1.5319556,7.881724,124.54296875,4.549430847167969,7.492214097422323,17.926902770996094
3099,3.7725026607513428,0.24562629,3.0139067,181.3902587890625,2.8393287658691406,2.010362841385568,5.755683898925781
3100,4.499771595001221,0.2023921,1.2323345,12.9913330078125,1.3530769348144531,2.27504556199354,4.87091064453125
3101,4.019839763641357,1.0743749,2.744676,514.09423828125,5.061210632324219,1.1656376434927616,1.5494842529296875
3102,3.6469924449920654,1.2273496,8.132288,1352.3218994140625,11.707366943359375,7.790608028612418,23.39862823486328
3103,3.6174113750457764,1.8952307,4.9136,145.373291015625,9.347183227539062,8.408760798777006,20.37689971923828
3104,4.169122695922852,1.4563657,5.664626,125.92431640625,7.305824279785156,11.029814412076352,21.861961364746094
3105,4.544485092163086,0.25884113,0.94364,60.110595703125,2.1738929748535156,2.84128710921361,6.973121643066406
3106,3.5329174995422363,0.90214974,1.5493927,98.42626953125,9.25875473022461,3.1298380752987818,6.933067321777344
3107,4.507288932800293,0.28489798,1.4019265,90.678466796875,2.8141403198242188,1.9928794594394574,4.472328186035156
3108,3.146672248840332,0.5424629,1.8165885,90.6845703125,8.074176788330078,3.6263406429692004,7.60345458984375
3109,3.0775859355926514,1.2889823,8.615969,778.742431640625,2.6198158264160156,5.9902251176480625,20.015480041503906
3110,3.764604091644287,1.1584814,7.9320965,1443.9915771484375,4.346920013427734,5.072605672708736,19.255271911621094
3111,2.9853765964508057,1.2649232,6.2705383,1314.9185791015625,1.6032791137695312,3.398205814575224,14.359344482421875
3112,3.363931179046631,0.5564433,2.5745492,561.086181640625,3.0030593872070312,5.306286483487462,13.049163818359375
3113,4.458136081695557,0.95822304,5.5015707,93.2275390625,5.986370086669922,6.029832345013169,13.727241516113281
3114,3.821319818496704,0.49680486,1.6557785,380.6650390625,10.736560821533203,3.897115256488174,9.53106689453125
3115,3.1178901195526123,2.4406238,13.03043,142.411376953125,14.786750793457031,10.085242644125014,23.259307861328125
3116,3.5173094272613525,0.5200346,2.0881248,121.8701171875,3.8421554565429688,3.2525204678115465,7.4509429931640625
3117,2.1564629077911377,1.9738016,9.331052,57.71630859375,16.83489227294922,8.160592743925946,18.90005111694336
3118,3.799151659011841,0.8120451,1.6484746,204.2587890625,4.300624847412109,2.640652320245085,4.73541259765625
3119,2.969290256500244,1.1607581,4.867087,1310.378662109375,2.392852783203125,4.077131969282025,16.36772918701172
3120,3.592641830444336,1.1494752,2.057546,211.416015625,5.349021911621094,4.083442778366642,8.931671142578125
3121,4.148161888122559,0.40514603,3.2672653,239.769287109375,3.5342254638671875,2.9446179299467765,7.283561706542969
3122,3.5033745765686035,1.4514583,12.898916,523.911865234375,5.516975402832031,7.919886481851311,20.52471923828125
3123,2.7330801486968994,0.8473936,1.8766515,676.27490234375,7.892486572265625,3.424533601313403,8.460708618164062
3124,2.9133474826812744,1.1048864,2.1068969,15.186767578125,4.582088470458984,0.1617447182612004,0.1058349609375
3125,2.99786376953125,1.2202941,7.5507984,1885.437744140625,4.68072509765625,1.2321380630743413,9.483993530273438
3126,2.594456434249878,0.7759606,3.6852994,204.8800048828125,7.3401336669921875,2.1284752660616313,5.142295837402344
3127,2.394688844680786,1.4280143,2.5602098,550.224853515625,7.961162567138672,4.354597918867313,8.63409423828125
3128,1.9251288175582886,1.2252246,7.1076813,95.130615234375,8.66330337524414,0.8778317928876795,3.588592529296875
3129,2.9904532432556152,0.553071,2.6241913,266.292724609375,6.9951629638671875,2.1624433660806233,5.452262878417969
3130,2.9411087036132812,0.7514761,1.9705608,204.97802734375,4.898212432861328,1.3583529944879267,3.6637954711914062
3131,4.624551296234131,0.13549165,0.5783066,53.124267578125,0.03403472900390625,0.5186728720478619,0.56829833984375
3132,4.510555744171143,0.3097543,0.97841763,41.915771484375,1.8131103515625,0.525003028503658,1.0310440063476562
3133,3.990300416946411,0.63055915,2.97914,15.853759765625,3.1295013427734375,5.585162273187759,12.569587707519531
3134,3.4496755599975586,0.48504713,1.6509166,113.824462890625,1.7173614501953125,0.2718664086674707,0.40309906005859375
3135,1.711982250213623,2.1050441,10.6295185,97.3125,15.695316314697266,5.171025707099563,13.128532409667969
3136,1.9437108039855957,2.5401094,13.121821,158.249267578125,8.653633117675781,6.236338840541851,17.86209487915039
3137,4.075654983520508,0.86992174,2.3545566,273.814208984375,6.067699432373047,0.5088581404416885,0.1645660400390625
3138,2.840592861175537,1.6966414,8.302889,48.353515625,6.0182952880859375,8.64532018904151,20.807418823242188
3139,2.760957956314087,2.4571412,3.554415,71.64404296875,9.175743103027344,4.592429654964295,15.093673706054688
3140,4.434455871582031,1.0312799,5.054492,122.6943359375,2.900310516357422,7.078864093350692,15.942634582519531
3141,4.476043701171875,1.3384957,4.765315,384.361083984375,1.3274955749511719,4.496866212978972,12.94085693359375
3142,2.440286636352539,0.6472268,1.0753443,178.500244140625,11.847213745117188,2.3427287740930574,1.9648208618164062
3143,4.5010294914245605,0.23645525,0.48457092,77.15185546875,2.5495986938476562,1.4133585104122872,3.3093948364257812
3144,3.69644832611084,1.1293471,3.5393977,1212.4803466796875,5.872272491455078,1.5590130952017986,2.9404525756835938
3145,3.7955322265625,0.5277503,0.95261955,146.294677734375,8.612369537353516,1.5696224829347827,2.4069595336914062
3146,3.0221433639526367,1.4781193,6.1511116,132.083740234375,6.181217193603516,6.648567533797284,15.772705078125
3147,3.4982495307922363,0.4260496,0.57784545,63.141357421875,11.261093139648438,1.2784636010862407,0.8626480102539062
3148,3.810159921646118,1.3547435,4.2773523,1152.153076171875,4.456729888916016,1.0733388209534311,6.420845031738281
3149,1.6166210174560547,2.786248,17.276173,161.663330078125,16.240966796875,7.1755059810458945,18.090904235839844
3150,1.596330165863037,2.2189105,11.07425,123.052734375,10.947517395019531,4.708308453326911,11.232433319091797
3151,3.085158109664917,2.1310427,3.594452,5.40380859375,15.180152893066406,12.975355953885117,31.568389892578125
3152,2.0971946716308594,2.213114,7.989601,108.714111328125,11.032859802246094,5.803749253464371,14.059036254882812
3153,3.3413662910461426,0.62266093,1.1986885,498.685302734375,7.612560272216797,3.7198678050256824,8.54229736328125
3154,3.121652603149414,0.57686293,1.3070772,286.470458984375,4.377647399902344,1.2733231346692087,1.5217437744140625
3155,3.4756810665130615,1.2530113,5.4684057,1205.134033203125,9.760040283203125,5.214062208776202,18.983131408691406
3156,2.4863414764404297,1.4200526,3.3727522,305.01953125,3.6774864196777344,4.621923015053095,8.297134399414062
3157,3.559248447418213,1.2180017,6.8807445,1018.908447265625,3.0668106079101562,3.4773988168569936,14.479339599609375
3158,4.081536293029785,1.2315406,9.279194,485.65673828125,4.624645233154297,1.280352596400128,8.434463500976562
3159,4.044968128204346,0.5579689,1.6485234,390.946533203125,5.42449951171875,0.5789422749629338,0.04836273193359375
3160,2.7962164878845215,1.4372989,4.039194,1288.094970703125,2.179962158203125,6.6038299116686545,22.593238830566406
3161,3.787111282348633,0.828669,1.2249514,284.943115234375,9.39227294921875,0.6235498111309923,2.328277587890625
3162,4.093780994415283,1.2167875,3.7304091,33.703125,9.506877899169922,6.583583787081569,16.825721740722656
3163,3.514052629470825,0.582457,0.88943636,185.422607421875,7.646675109863281,0.2219323065177754,2.0776596069335938
3164,2.509509325027466,1.5803089,5.522771,310.185791015625,1.4988212585449219,4.190181851372646,7.8314056396484375
3165,2.272665500640869,1.4228997,6.41817,255.283203125,12.823192596435547,5.665641023983941,13.033645629882812
3166,2.9336893558502197,1.7013172,3.0359936,647.845703125,6.2866973876953125,4.6318030763263,9.363502502441406
3167,4.3217620849609375,0.7196948,3.0498083,125.2105712890625,2.0449447631835938,0.7462652403017564,1.7831802368164062
3168,3.8267288208007812,0.50364023,1.8200576,111.2716064453125,2.994213104248047,0.9147866971230414,1.6809463500976562
3169,2.976679801940918,1.0027775,3.2338812,39.873779296875,7.784420013427734,3.6451844945625034,9.3153076171875
3170,3.9575259685516357,0.64194167,1.9683583,31.531494140625,1.5635910034179688,5.253500983839807,11.957138061523438
3171,3.029778480529785,1.2156154,4.272254,1384.4642333984375,3.679046630859375,6.406246595042177,22.412879943847656
3172,4.0295209884643555,0.36469722,1.2405773,163.60693359375,4.186267852783203,0.7941806328044336,1.922271728515625
3173,4.452518463134766,1.2865967,3.4341664,143.3466796875,1.0777931213378906,5.520512910133824,14.100196838378906
3174,4.156361103057861,0.5170117,3.0522377,143.46728515625,4.63623046875,3.032542537103282,6.487876892089844
3175,2.719385862350464,2.5951402,11.957536,81.887451171875,13.704811096191406,12.239030937393345,28.669235229492188
3176,3.839261770248413,0.75385886,4.6754675,369.139892578125,7.096309661865234,7.751974132583708,19.376998901367188
3177,3.3974242210388184,0.9611531,1.4202274,247.0166015625,15.12807846069336,0.8529948652844404,1.73712158203125
3178,1.509814739227295,1.9869663,11.641851,48.486572265625,12.604225158691406,4.520077953133338,12.151954650878906
3179,3.1823036670684814,0.64573926,1.4609679,86.20556640625,13.236888885498047,1.4091680363262284,1.97064208984375
3180,4.533592700958252,0.35722455,1.9054406,97.782470703125,1.677490234375,1.4870012222011333,2.9398727416992188
3181,3.31241512298584,2.333321,10.0785475,79.151611328125,12.94967269897461,9.626560756108262,23.631187438964844
3182,2.9436042308807373,1.2704114,4.821684,1364.6173095703125,3.2052001953125,6.305020549738234,19.927391052246094
3183,3.759777545928955,1.3744386,8.012374,1162.996337890625,7.723274230957031,8.347277549512814,25.256752014160156
3184,4.134898662567139,0.50263804,2.6838176,89.8782958984375,6.238025665283203,2.779997637903012,6.1562347412109375
3185,1.4769388437271118,2.3897817,8.813655,125.732666015625,13.660820007324219,3.869422943991566,11.276920318603516
3186,3.431279420852661,0.470953,0.93975675,183.629150390625,5.258190155029297,2.2788437609450156,4.062324523925781
3187,2.732797622680664,0.9700636,2.3139975,307.29931640625,2.55084228515625,0.2679620794864057,0.9578018188476562
3188,4.4802470207214355,0.76233083,3.0002978,117.215087890625,1.5575103759765625,3.4919467260129338,7.618782043457031
3189,3.33627986907959,1.2770544,6.7145495,1423.5155029296875,4.537952423095703,6.476438690597366,21.36278533935547
3190,4.082300186157227,0.939017,2.5811443,22.283447265625,0.9787216186523438,4.23195475469587,10.758819580078125
3191,3.72603702545166,0.47708097,2.2773685,200.7176513671875,0.42688751220703125,1.8005565837790591,4.1756439208984375
3192,3.509441614151001,0.6612769,4.593967,242.441650390625,4.999149322509766,6.748806834402412,15.825950622558594
3193,4.59837532043457,0.5149353,1.2509089,132.262451171875,1.7793655395507812,1.5426455681914177,3.2760391235351562
3194,2.294376850128174,2.0154493,8.340023,224.087890625,7.321861267089844,2.104029123831875,6.5310821533203125
3195,3.3626887798309326,1.1154944,1.8943126,486.291748046875,9.134170532226562,1.0060431390877937,3.0178756713867188
3196,3.2406511306762695,1.0227901,5.4976826,131.560302734375,1.5867462158203125,5.158824386584609,11.983497619628906
3197,1.2245657444000244,3.4373171,15.381744,701.75830078125,14.188894271850586,8.426224771363422,17.531112670898438
3198,2.925031900405884,1.3724833,2.8069367,24.830810546875,9.66342544555664,5.44445751812971,13.328407287597656
3199,2.566636562347412,0.9786546,3.3169167,166.0528564453125,7.0858612060546875,2.1270852355901475,6.092918395996094
3200,4.030192852020264,1.3906035,5.678229,152.9521484375,5.128841400146484,3.7348984528879114,8.284111022949219
3201,3.3097312450408936,1.1533538,5.8438945,331.07666015625,2.972484588623047,7.383227491039431,18.213607788085938
3202,3.5635194778442383,0.60456103,2.2116086,80.603759765625,6.206012725830078,1.74950459305429,5.228675842285156
3203,3.879218339920044,1.0415508,4.520941,223.5328369140625,0.6928901672363281,0.06923440703358352,0.16312408447265625
3204,2.6898019313812256,0.8790328,1.0512767,124.0126953125,9.53219223022461,3.166902870234747,4.016517639160156
3205,4.135141372680664,0.26211846,1.2423725,56.5401611328125,0.3154182434082031,0.22844711434153098,0.40216827392578125
3206,2.6171793937683105,1.2320242,7.535565,1138.75146484375,3.1676101684570312,4.84520052919105,17.44976043701172
3207,3.4604239463806152,1.0276505,5.4664683,923.920166015625,6.587120056152344,1.3336091014399507,6.359901428222656
3208,4.238523960113525,1.38231,4.3481016,216.599365234375,2.800708770751953,7.4977715287984275,17.454299926757812
3209,4.117654800415039,0.45366052,3.068045,204.874755859375,1.9212989807128906,5.626450277737749,11.990760803222656
3210,3.9770398139953613,0.39967334,0.4073273,81.499267578125,5.569862365722656,2.6323018469000132,2.8116683959960938
3211,3.8490383625030518,0.7412289,1.7273837,103.663330078125,5.976325988769531,1.0091713708946202,3.023834228515625
3212,3.2526469230651855,0.7224433,1.1631567,109.166259765625,14.988441467285156,1.1349585272930511,4.14117431640625
3213,4.444858074188232,1.147725,5.705144,246.6171875,4.276576995849609,4.832438080758148,11.908012390136719
3214,3.6825664043426514,0.61570746,2.4454024,76.40576171875,3.0493545532226562,3.013985664989548,8.133735656738281
3215,3.7798612117767334,1.5871058,6.7706285,21.305908203125,4.094306945800781,9.369232332920884,20.773719787597656
3216,2.016230344772339,1.8530277,5.220098,61.6805419921875,7.895053863525391,1.3001001565205428,1.5620651245117188
3217,3.6791601181030273,0.8491989,3.8190336,112.0833740234375,1.1696319580078125,2.5189342569643856,5.50482177734375
3218,4.204754829406738,0.63006294,1.3243389,172.935791015625,0.05126953125,1.4266096846488665,2.4953079223632812
3219,2.4705116748809814,0.7041316,1.4180522,15.742919921875,15.303855895996094,0.17240841681849517,0.21932220458984375
3220,4.283377647399902,0.4402337,2.9212646,14.16064453125,4.144016265869141,5.806411565317113,13.246749877929688
3221,3.919513702392578,0.6701283,2.029719,187.866455078125,3.713714599609375,5.15380328859213,11.391609191894531
3222,2.586771011352539,1.3161578,8.7806635,931.687744140625,2.621685028076172,3.872404624139442,15.268936157226562
3223,2.723888635635376,2.8350487,15.2649555,314.96923828125,10.093219757080078,10.557242274029129,28.09461212158203
3224,1.511054515838623,3.2845526,13.558015,151.01416015625,12.69427490234375,9.234176432989855,23.97802734375
3225,3.7771761417388916,0.3941348,1.8381467,179.267822265625,10.178985595703125,5.10541795978812,11.333961486816406
3226,1.1065752506256104,3.3750966,12.477756,183.0545654296875,14.10849380493164,3.5668312664434794,12.136062622070312
3227,3.640789031982422,2.3899,7.001608,115.9169921875,14.219013214111328,15.782431912684515,39.235679626464844
3228,2.6979103088378906,0.5420682,4.641575,58.652587890625,5.557731628417969,4.076483116106175,9.999031066894531
3229,3.6571528911590576,1.2774725,4.931289,168.416259765625,9.8369140625,6.8168706329141955,16.214447021484375
3230,4.236626148223877,1.1835023,2.39932,259.84912109375,1.8699531555175781,3.080625637156569,8.339271545410156
3231,2.1492953300476074,0.7947988,1.5626721,149.4144287109375,3.541057586669922,1.2585441963013935,3.3108901977539062
3232,2.6655333042144775,0.5446658,2.4959154,104.476806640625,1.3603858947753906,0.5002144529345536,1.2349929809570312
3233,4.0138702392578125,0.84357315,4.8099194,713.4215087890625,0.11231613159179688,0.6343293188763752,0.297760009765625
3234,4.052022457122803,0.8909357,3.0120716,157.52001953125,1.8655624389648438,1.23563070149795,3.11053466796875
3235,1.4956910610198975,3.0693429,15.490892,119.655029296875,16.59984016418457,9.31913072000918,23.82476043701172
3236,3.4980289936065674,0.47840846,1.379194,138.624267578125,7.252845764160156,3.836322397788141,8.292739868164062
3237,1.260642647743225,3.2104108,13.335074,29.3310546875,17.66593360900879,7.931050469080645,22.155906677246094
3238,4.454876899719238,0.5159264,2.323339,115.189208984375,3.552703857421875,1.335229468124286,2.3031845092773438
3239,3.584237813949585,0.4816409,2.023754,157.393798828125,6.763771057128906,2.6072437060256775,8.292320251464844
3240,3.4236159324645996,1.6920128,8.407629,7.186767578125,3.68035888671875,7.290631631261228,18.366737365722656
3241,4.171882629394531,0.4778097,2.2790182,123.659912109375,5.686473846435547,4.674017290057929,10.436874389648438
3242,1.197660207748413,2.8996117,15.027592,122.200927734375,17.747690200805664,6.579362044602387,16.855667114257812
3243,3.1868512630462646,0.758022,3.7742407,715.622802734375,1.6924171447753906,2.2997919528532833,7.937652587890625
3244,3.3293228149414062,1.4367956,6.3449917,488.668701171875,4.861663818359375,9.143304029447346,22.545700073242188
3245,3.350867748260498,0.69827956,3.2025766,300.0384521484375,10.494518280029297,5.44141752698776,14.293739318847656
3246,3.5321028232574463,0.5046955,1.6610148,194.02490234375,4.907234191894531,0.2948766163735428,2.0856094360351562
3247,4.15218448638916,0.9460928,1.1271017,717.49169921875,1.8101768493652344,1.9832607647827523,3.4611740112304688
3248,3.8034584522247314,1.2636075,3.1498973,129.31591796875,4.997402191162109,6.875339285063195,16.88239288330078
3249,2.687000274658203,1.2408694,5.1909914,36.6939697265625,6.1660003662109375,4.6300414865834085,11.276588439941406
3250,2.782108783721924,1.21939,2.8118608,56.15771484375,8.954757690429688,6.869009917711729,15.353004455566406
3251,4.059271812438965,1.2194303,3.3341036,217.36669921875,3.778533935546875,4.526104982076291,10.353790283203125
3252,4.279690742492676,0.49366054,1.4125317,10.6298828125,1.2115707397460938,4.168255161678452,9.789108276367188
3253,3.976653575897217,0.357837,1.2692046,65.152099609375,0.4139442443847656,0.601168275659024,1.1877822875976562
3254,2.8956122398376465,1.6643778,4.5167627,261.623291015625,10.486991882324219,9.579725559252118,22.6932373046875
3255,4.005812644958496,2.3948429,7.809412,435.3818359375,5.663928985595703,10.882759811059007,29.37993621826172
3256,3.97611141204834,0.5003043,1.4083557,442.607421875,1.0939445495605469,1.8548212251072798,5.210472106933594
3257,3.0162386894226074,1.6496204,3.5714722,294.5361328125,17.614952087402344,1.232997406506069,5.3704376220703125
3258,1.511172890663147,1.4385028,7.0000825,169.0970458984375,4.959346771240234,2.657129650483064,7.0425262451171875
3259,3.120931625366211,0.5113674,2.8991592,418.332275390625,4.603706359863281,2.830637394054758,7.401313781738281
3260,3.292955160140991,1.1516682,6.876712,1778.50244140625,7.2223968505859375,4.661212607891688,18.457717895507812
3261,3.8227922916412354,0.45415807,2.2057793,154.4072265625,3.0143814086914062,0.6050257669426209,0.5886917114257812
3262,3.4330832958221436,0.40378383,0.89486396,125.979248046875,9.669822692871094,0.023915860279291934,0.5455551147460938
3263,2.6893067359924316,0.53107303,1.8708543,183.175048828125,8.142425537109375,4.415035578775651,8.822166442871094
3264,2.6917834281921387,1.4163198,5.229952,363.6201171875,6.019233703613281,5.1360090815296395,13.851417541503906
3265,4.4112935066223145,0.341125,0.71042335,86.142822265625,7.073993682861328,0.0844576982840195,0.19580078125
3266,4.0244221687316895,0.4640715,2.715634,16.9730224609375,3.836376190185547,2.6021438659712004,6.047660827636719
3267,3.8985064029693604,0.54136074,1.4788314,190.583251953125,3.3315162658691406,1.673701805011774,3.508453369140625
3268,3.725187063217163,0.54864746,2.512955,119.892333984375,4.719062805175781,5.3811618492856645,12.313804626464844
3269,2.336440086364746,1.8605547,6.889218,37.6156005859375,15.507362365722656,7.641736544230408,18.17510223388672
3270,4.0397257804870605,0.80960965,2.6935105,92.56494140625,1.2030410766601562,4.901528193076885,11.42681884765625
3271,3.498649835586548,1.1581895,7.5763683,1463.7012939453125,1.6837806701660156,2.085686436819959,8.7349853515625
3272,3.0962846279144287,1.3189864,7.970791,1418.0438232421875,4.5014801025390625,6.6169128561537285,21.10535430908203
3273,4.373741149902344,0.22355266,2.050764,161.4017333984375,0.9114036560058594,3.1505833936028687,9.252983093261719
3274,2.599600315093994,1.3402113,7.0278006,476.201416015625,4.135341644287109,4.521859910519225,8.51995849609375
3275,4.409352779388428,0.6060421,2.0588477,67.204345703125,3.095531463623047,0.1540805955139497,0.5318984985351562
3276,4.12647008895874,1.4766798,4.951274,157.536865234375,0.472259521484375,6.183586773033344,15.662811279296875
3277,2.657088041305542,1.2475553,3.4493167,245.78369140625,1.0475006103515625,2.5096423643912935,5.701393127441406
3278,3.5475034713745117,1.2537023,9.581662,1148.255126953125,5.4460296630859375,6.798056433921168,22.096641540527344
3279,2.039297580718994,1.2048901,5.714406,1299.9013671875,5.307792663574219,6.248512165106344,24.5390625
3280,2.982206344604492,1.0075684,1.5062389,127.456298828125,8.651798248291016,1.0686883938915948,3.48736572265625
3281,1.3442763090133667,3.8501751,18.56621,104.70361328125,28.54412078857422,10.354518009453106,28.70315933227539
3282,3.1680808067321777,0.806824,2.624236,327.125732421875,3.433826446533203,1.4089053949388877,3.2708663940429688
3283,2.9204578399658203,1.0638767,4.597839,266.21142578125,11.09195327758789,2.328089785854921,4.8474578857421875
3284,4.242030143737793,0.89111066,2.3869514,255.491455078125,3.291912078857422,0.2775639491755868,1.0145645141601562
3285,3.3398654460906982,1.2551913,4.4974847,1263.9307861328125,4.0940093994140625,6.375910441224356,21.649208068847656
3286,4.392042636871338,0.780979,3.420689,95.1025390625,1.5646286010742188,4.8103181561352635,12.527633666992188
3287,4.016363143920898,1.2747353,4.4625373,362.700439453125,8.372737884521484,6.400963596174503,13.538581848144531
3288,4.404233932495117,1.0117521,3.5857167,433.262939453125,0.22181320190429688,3.623081215677786,4.24151611328125
3289,4.507667541503906,0.26527178,1.6887459,58.9345703125,1.3533859252929688,4.229383876436618,9.4854736328125
3290,3.369598865509033,0.32400754,1.9299002,146.109375,3.3981704711914062,1.5331334410636401,2.2097320556640625
3291,2.5545074939727783,0.5739586,2.327563,163.729248046875,11.990440368652344,0.9623490922521896,2.4898681640625
3292,3.4418365955352783,0.8636072,2.444967,768.16552734375,8.120174407958984,1.6827133842533577,1.6435928344726562
3293,4.052160739898682,0.9212182,4.1073637,10.0458984375,4.258216857910156,6.208479561767323,14.319534301757812
3294,3.0256080627441406,0.5725146,4.0309763,225.7843017578125,3.506786346435547,0.9501169336317723,3.2841110229492188
3295,4.232268810272217,1.0988021,4.43772,39.06298828125,3.8708457946777344,6.026172100543015,14.766044616699219
3296,4.434475898742676,0.7965233,1.8888204,139.073486328125,1.5728225708007812,2.499746406888768,6.262489318847656
3297,1.2820086479187012,2.5926712,11.796486,53.911865234375,12.780799865722656,3.0409255917883016,10.71533203125
3298,4.0213751792907715,0.28551343,1.3972505,26.4471435546875,3.4099578857421875,0.1336653854022991,0.25496673583984375
3299,2.9864766597747803,1.8876238,11.846181,8.1015625,10.718685150146484,6.577999770045505,17.28070068359375
3300,4.263655185699463,0.64611024,1.6460328,12.616943359375,1.993560791015625,3.595395845622811,9.355392456054688
3301,4.120260715484619,0.3664159,1.4539611,175.735595703125,6.916114807128906,1.9876641244325448,4.593864440917969
3302,2.9054877758026123,0.5956841,1.2397977,236.45263671875,7.072727203369141,3.4010085627324855,7.9006805419921875
3303,1.641218900680542,2.6439257,12.04362,137.919189453125,18.483732223510742,7.1053452132810975,17.58905792236328
3304,2.830219030380249,1.0679288,6.97011,58.310791015625,1.5196495056152344,3.373845422220178,8.390327453613281
3305,2.758486270904541,1.2360791,6.9115624,1517.389892578125,2.7907066345214844,4.159777927334286,16.14525604248047
3306,2.4544155597686768,0.9061072,2.1020498,110.46826171875,9.613590240478516,1.2182417399016465,1.7420578002929688
3307,,2.1200998,2.4425688,739.519775390625,43.04521942138672,5.4249935028539085,13.146781921386719
3308,4.036165237426758,1.071366,3.9278977,230.706787109375,10.579914093017578,2.1941454769547555,5.7113189697265625
3309,4.1159539222717285,0.4274098,1.8973056,118.434326171875,2.5264739990234375,1.86390102450682,4.778175354003906
3310,4.324192047119141,0.5125244,2.9648845,109.56884765625,6.074165344238281,1.7862901327269576,2.9755325317382812
3311,3.2220678329467773,0.7223212,4.078478,324.028076171875,2.1417465209960938,1.666136973608932,2.1525802612304688
3312,3.784550428390503,0.7810399,3.606002,341.081787109375,1.1470375061035156,8.23022071691809,17.78112030029297
3313,3.332965850830078,1.1002313,2.9037516,1394.06396484375,5.635597229003906,2.754638284939279,12.833740234375
3314,2.7446794509887695,0.92321634,5.2050295,189.0570068359375,1.3824958801269531,1.3863156913328005,4.164215087890625
3315,3.049093008041382,1.1444107,4.171854,1126.38720703125,2.2488059997558594,2.271453521476026,12.456634521484375
3316,4.140748977661133,0.3722743,1.9756168,235.049560546875,0.686004638671875,3.570233121694965,8.534530639648438
3317,4.368244647979736,0.6686844,2.0775518,107.945556640625,4.273715972900391,2.314488614561281,5.211448669433594
3318,3.8807730674743652,0.28729966,1.9041271,44.645263671875,1.6963577270507812,1.3040391588847555,2.6340789794921875
3319,4.243343353271484,0.830735,2.740118,166.64892578125,3.9251022338867188,3.7286368096836036,8.0986328125
3320,3.7955167293548584,1.3168501,4.2186074,24.038330078125,7.598514556884766,3.03011764703351,6.561737060546875
3321,3.6442110538482666,1.2258621,8.848689,1499.85693359375,8.746387481689453,6.800092867970065,21.027076721191406
3322,4.12398099899292,1.3536068,7.827499,60.53271484375,4.13397216796875,10.999251418939053,26.36632537841797
3323,4.447427749633789,0.6171754,2.1781092,192.264404296875,3.0527381896972656,4.128642894349092,8.841575622558594
3324,4.001099109649658,0.4989282,2.456387,243.164306640625,7.147274017333984,2.462256379012949,6.508903503417969
3325,3.0735690593719482,0.59204125,2.3500562,505.82421875,5.8172607421875,5.387152648798946,11.073295593261719
3326,4.630568504333496,0.09717554,0.44669452,13.371826171875,0.12240982055664062,0.6040060286838127,1.2275161743164062
3327,3.417137861251831,0.7254324,1.8210857,324.290771484375,7.502353668212891,2.044279625662753,2.3536148071289062
3328,3.3399696350097656,1.86658,5.7697215,338.574462890625,14.181835174560547,2.2910092171252785,7.564781188964844
3329,4.504662990570068,0.320426,0.8179925,153.71728515625,0.9663543701171875,1.0420021188153825,1.9590225219726562
3330,3.4642536640167236,0.58020824,2.641918,141.5072021484375,4.079860687255859,1.0572512545128845,1.4812393188476562
3331,1.8746265172958374,1.2701923,7.0425515,501.4736328125,10.267780303955078,4.7937166158232,14.363243103027344
3332,2.8570737838745117,0.71593255,2.8664942,56.58447265625,7.522121429443359,4.56403284149242,10.086540222167969
3333,1.5715889930725098,1.5462823,9.304966,184.4483642578125,18.658100128173828,4.37241471031928,12.844024658203125
3334,3.2886159420013428,0.5667468,1.2120254,133.299560546875,9.335182189941406,0.38484986000922916,0.5446929931640625
3335,1.9692082405090332,1.359211,6.837951,1047.75244140625,1.2374305725097656,3.2537004779756344,13.357795715332031
3336,2.7081334590911865,2.3736722,8.38423,185.90234375,10.93271255493164,7.196779243787319,19.060646057128906
3337,4.235684871673584,0.7323813,3.125268,155.20458984375,2.155567169189453,1.597537487416588,2.1582260131835938
3338,3.555201530456543,1.0605526,5.1862445,96.614501953125,8.804117202758789,0.21106375379283193,0.8370285034179688
3339,3.300990581512451,0.4964163,1.9717348,339.181640625,5.731807708740234,3.2666569641303767,7.8212432861328125
3340,3.9374492168426514,1.121211,8.195634,302.581787109375,0.0501251220703125,7.072141911328455,17.68890380859375
3341,2.162158966064453,1.0898672,4.3318987,67.87890625,6.848625183105469,2.865152538598519,7.4688873291015625
3342,4.286735534667969,0.18838441,1.8841257,196.4630126953125,3.9580307006835938,2.782173404132621,7.054595947265625
3343,3.852464199066162,0.66413385,4.505616,475.9288330078125,0.3909759521484375,1.8323937351159145,2.4325942993164062
3344,2.518235206604004,1.4011279,8.070009,922.53955078125,4.391197204589844,3.9814903276549067,16.8248291015625
3345,3.3350093364715576,1.0363663,5.230001,278.555419921875,6.626365661621094,7.1730292027948614,16.639389038085938
3346,3.120725154876709,1.6504315,7.6325707,300.535888671875,5.011177062988281,5.381684330291378,13.941108703613281
3347,1.7838780879974365,1.1860863,6.025115,696.1640625,1.4137802124023438,2.25863705230606,7.712791442871094
3348,4.182737350463867,0.32648468,2.0803206,96.9031982421875,2.0673294067382812,1.3192663837788068,2.9511260986328125
3349,3.9942004680633545,0.5746948,1.7928141,172.993896484375,4.4959716796875,5.169923516670185,11.516403198242188
3350,3.7035505771636963,0.50224847,1.5372596,375.35693359375,4.042289733886719,3.2644787094817254,8.809822082519531
3351,3.9367458820343018,1.143416,7.7875986,108.718017578125,6.128856658935547,6.294446251851543,15.754844665527344
3352,3.507266044616699,0.5793993,1.775463,15.19482421875,8.199848175048828,1.9699684188872837,4.4028778076171875
3353,3.0031423568725586,0.61326927,3.237162,273.671630859375,6.537738800048828,3.344833200920778,10.421867370605469
3354,3.6530239582061768,1.0239091,1.9382509,467.556396484375,2.61138916015625,3.6869485907581883,7.9011383056640625
3355,3.853095531463623,1.2389259,3.6949356,8.7353515625,10.317901611328125,1.7114364237278963,4.3185882568359375
3356,3.8599889278411865,1.2846669,5.658842,185.7578125,2.247173309326172,6.4676674168852735,16.26861572265625
3357,2.545923948287964,1.3736796,2.8196044,1523.823486328125,8.772102355957031,4.902174491918551,4.486808776855469
3358,3.8430631160736084,1.6038612,4.7826753,478.465087890625,2.351276397705078,0.11201420290946729,0.6746597290039062
3359,4.321794033050537,0.81245875,3.831452,104.626708984375,5.093982696533203,7.287740723898345,17.520896911621094
3360,4.007233619689941,1.0969423,2.336053,527.895751953125,0.5937156677246094,0.917926061336253,1.48638916015625
3361,3.193422794342041,1.2589746,4.640502,142.6812744140625,6.158901214599609,2.5162314573173035,5.506019592285156
3362,3.724844217300415,0.8529636,2.6626885,69.3690185546875,4.007762908935547,3.496670121036267,7.461570739746094
3363,2.562868595123291,1.6626076,11.811571,114.706298828125,9.646575927734375,6.803773286003224,16.925071716308594
3364,3.3789336681365967,0.53843117,1.0351245,9.2607421875,3.8645668029785156,2.023578345056368,2.2780532836914062
3365,2.86625337600708,0.6563854,1.5861967,5.6220703125,7.807182312011719,1.3128261220248127,2.7546157836914062
3366,4.011468410491943,1.0900725,3.6073825,220.02490234375,4.6244354248046875,0.8677547585008796,3.4350967407226562
3367,4.245457172393799,0.5773333,2.8209634,222.56982421875,2.12921142578125,1.981220588550638,4.781684875488281
3368,3.225834608078003,1.4752078,6.205655,131.293212890625,5.940425872802734,5.187156024149186,11.246734619140625
3369,4.334615707397461,0.33949852,1.6297271,28.988525390625,0.19008636474609375,0.2807421852373295,0.9567794799804688
3370,2.4691617488861084,0.67749435,3.2263908,37.644775390625,3.3446197509765625,1.9890106243327885,3.1003570556640625
3371,4.171532154083252,0.24570155,1.0519153,39.244140625,2.4942169189453125,0.6784200777842528,0.238311767578125
3372,3.6081595420837402,0.4349884,2.7827888,126.5833740234375,1.4010162353515625,0.8920575922690759,1.116973876953125
3373,3.3206660747528076,0.66000974,1.5211169,515.37939453125,5.862007141113281,2.6052528823815315,4.534034729003906
3374,3.5962231159210205,1.0140824,2.5566585,251.37890625,8.01358413696289,3.560939407790137,7.645256042480469
3375,3.2705326080322266,0.4629272,0.79578966,73.083251953125,14.526176452636719,0.407507257743724,1.2097625732421875
3376,4.429336071014404,0.63497615,4.088962,136.488037109375,0.8505706787109375,5.330034142302999,12.541618347167969
3377,3.520982265472412,0.87761307,4.574877,207.3814697265625,12.360416412353516,4.688353778480504,13.382408142089844
3378,3.3306455612182617,0.5537799,0.8081701,62.393798828125,6.115665435791016,0.4200458193075818,0.8915863037109375
3379,3.6222498416900635,0.75419205,3.4615712,221.14453125,1.5459785461425781,1.3337129851175398,2.0679168701171875
3380,3.7565441131591797,0.81695503,2.4538105,172.595458984375,5.284339904785156,3.061058546711287,9.234817504882812
3381,2.549307107925415,0.9925787,1.9127916,34.190673828125,9.920982360839844,2.1165768379416043,1.4861068725585938
3382,2.9492547512054443,0.5689266,3.4292295,62.8004150390625,2.277191162109375,1.5191386463042242,2.0163192749023438
3383,2.7330079078674316,0.5479564,1.2434609,242.77490234375,4.802055358886719,0.39711151363320596,1.071075439453125
3384,3.605461359024048,0.54443616,0.9790622,376.3798828125,7.076465606689453,1.1636530364524518,1.8388214111328125
3385,3.7179858684539795,0.67854214,1.9169472,95.508056640625,1.3462715148925781,0.9909194009115616,2.140838623046875
3386,2.226707696914673,0.6611418,1.4029293,252.68115234375,13.059616088867188,0.6958811688906152,0.82464599609375
3387,3.922952651977539,0.93222505,2.073498,198.92919921875,5.0517578125,1.6634693654925812,4.41815185546875
3388,3.516068696975708,1.6838757,6.519496,570.338134765625,7.796665191650391,2.6969054036801268,4.6588287353515625
3389,3.4402849674224854,0.6910699,3.904196,750.708740234375,1.8206291198730469,0.6544661508923006,4.068756103515625
3390,4.080456733703613,0.863612,1.8513093,430.736572265625,3.4303512573242188,2.7837183955750646,7.501625061035156
3391,2.253169298171997,0.8115532,4.3347354,544.955810546875,1.5228691101074219,3.732179662610495,9.880668640136719
3392,4.4854559898376465,0.44899324,1.5543991,115.069580078125,0.3643684387207031,0.2822553219022197,0.8519287109375
3393,3.1362173557281494,0.6389806,5.640984,269.7076416015625,12.961128234863281,7.2630449425508665,17.82343292236328
3394,3.5141570568084717,0.99403685,2.3203387,387.684326171875,7.154792785644531,0.30329833353481206,0.7970123291015625
3395,4.573307037353516,0.17908728,0.29539436,20.297119140625,1.7526130676269531,0.27226845555864543,0.18103790283203125
3396,2.615224838256836,0.9268443,4.804462,79.1923828125,2.8171730041503906,2.227520526918436,5.912628173828125
3397,3.3694045543670654,1.5595251,3.163439,67.99169921875,13.847003936767578,3.653136766202053,9.045524597167969
3398,3.1307337284088135,1.4072965,3.92423,494.527587890625,10.216407775878906,9.567866472041878,24.340774536132812
3399,4.198409080505371,0.62942296,1.7328031,161.993408203125,1.2172164916992188,2.8517815409396654,6.289985656738281
3400,4.020016670227051,0.68122846,1.8879683,248.99853515625,2.4533843994140625,0.498291504573654,0.19144439697265625
3401,4.192976951599121,0.82556486,2.1903331,257.1064453125,8.249397277832031,3.284617170251849,6.7489471435546875
3402,2.741847276687622,1.9086622,7.461757,36.004638671875,14.602081298828125,4.102623201652612,11.410514831542969
3403,3.030965566635132,0.8258763,3.7711234,571.463134765625,16.208961486816406,4.539613896995711,11.951652526855469
3404,4.011571884155273,0.5801306,2.9435625,232.87548828125,3.5600662231445312,0.681098036902565,0.8919448852539062
3405,2.7295291423797607,1.5063362,6.9124064,469.30615234375,0.1351776123046875,5.372107826494016,13.428802490234375
3406,3.6428399085998535,1.2059932,7.4077477,1532.7451171875,1.6953506469726562,5.788967069894628,21.008522033691406
3407,2.4141814708709717,1.5694367,9.788252,9.2237548828125,10.296607971191406,5.819672242843296,14.536064147949219
3408,4.0011515617370605,0.83999616,5.454158,207.89892578125,4.715419769287109,8.686437497742542,20.137062072753906
3409,4.5452070236206055,0.53041244,1.6605557,251.06591796875,1.129791259765625,2.023449343714123,4.0701751708984375
3410,1.2271981239318848,3.58722,13.196307,261.419921875,17.313350677490234,9.109613940473984,24.05904769897461
3411,3.399083137512207,0.58142275,0.8023083,299.743896484375,11.26974105834961,0.4564150897269599,1.6978836059570312
3412,3.162459135055542,0.8047226,2.1023953,489.287353515625,7.188434600830078,1.6937416282125781,4.45831298828125
3413,3.235717296600342,0.4206721,0.47621137,86.57763671875,7.595615386962891,0.9690889075967597,1.43829345703125
3414,3.7663443088531494,0.5066354,0.85093355,172.59326171875,7.2320098876953125,1.711864722309432,1.2178726196289062
3415,3.2173116207122803,2.5223382,9.294029,485.40869140625,7.836540222167969,8.983774853352042,23.65436553955078
3416,1.4046564102172852,1.7475201,9.864717,172.2933349609375,10.944908142089844,4.431566533045757,11.167823791503906
3417,2.2940468788146973,1.2583176,7.0726876,1135.231201171875,6.862957000732422,3.3533616425839234,13.836318969726562
3418,1.0390000343322754,4.3401055,16.313171,269.8143310546875,17.755657196044922,3.7298991853330605,14.403717041015625
3419,4.441646099090576,2.3527672,7.4614077,201.6163330078125,1.7926254272460938,20.51342400912029,46.310523986816406
3420,4.449357986450195,0.74840426,2.535507,34.3857421875,1.355926513671875,3.000929341622747,9.926223754882812
3421,3.371314525604248,0.64365983,1.4539723,65.934814453125,8.851917266845703,3.137462495657303,7.675102233886719
3422,1.7194280624389648,1.3398136,7.544243,78.2294921875,11.238780975341797,6.637196514758244,15.169410705566406
3423,2.7905194759368896,0.59711593,1.8279924,132.4404296875,9.913192749023438,1.24765284304344,2.5926895141601562
3424,3.647886037826538,0.75114036,1.4631134,559.334716796875,5.948680877685547,0.49320980295371086,1.4296722412109375
3425,4.021720886230469,1.0281224,2.9365988,422.913818359375,3.4408645629882812,4.815750439069273,10.326972961425781
3426,3.5921497344970703,1.1634096,4.395507,402.497802734375,7.193367004394531,1.4423210353607274,2.4477157592773438
3427,2.69950008392334,1.1581715,2.7493477,70.12451171875,15.44296646118164,1.2929795763097722,3.8750839233398438
3428,1.9645345211029053,0.6207114,2.4362528,139.9891357421875,6.857601165771484,1.866755938852119,3.1651992797851562
3429,2.646470785140991,1.2361492,5.487157,78.88232421875,7.693122863769531,3.42505800931621,11.582664489746094
3430,4.087375164031982,0.4114828,2.5205245,177.12060546875,0.6935462951660156,1.3170222217215901,3.4596023559570312
3431,3.653764009475708,1.0849831,4.146739,776.98046875,6.0419464111328125,7.076494772552206,15.270973205566406
3432,2.6916604042053223,1.0795258,6.59248,56.3092041015625,4.5513763427734375,4.441856991003803,9.5830078125
3433,1.178687334060669,3.3267076,12.46883,122.3359375,19.593338012695312,6.163984002831771,19.26313018798828
3434,3.5273232460021973,0.5124374,1.402874,111.0927734375,7.727619171142578,1.22300805307761,2.662689208984375
3435,2.8270370960235596,1.5781249,3.8497977,185.140380859375,11.761215209960938,4.243130063152261,9.313285827636719
3436,1.2020801305770874,3.435661,16.466805,103.30908203125,25.819690704345703,9.851725978490542,23.49094009399414
3437,3.874718189239502,1.3995031,3.4968972,514.35986328125,2.4690017700195312,0.2940133403168552,2.0374603271484375
3438,3.2440834045410156,1.4182574,2.6824555,460.976806640625,10.209442138671875,4.2022489789404815,8.038169860839844
3439,3.059352159500122,1.502016,4.405147,275.7542724609375,9.824653625488281,3.498063394883083,7.691139221191406
3440,4.286422252655029,0.33489752,0.84287584,80.343994140625,0.20595169067382812,1.9873887643445478,4.2554473876953125
3441,3.7055535316467285,1.0605115,4.233664,611.9388427734375,4.633579254150391,2.679991926261298,4.2241668701171875
3442,2.553190231323242,0.75826854,1.3887932,63.609619140625,10.745216369628906,0.12989367997540668,1.8673095703125
3443,3.746067523956299,0.72546434,7.323676,399.916259765625,1.6504859924316406,5.356624444412105,13.642280578613281
3444,3.4132840633392334,1.1628971,4.80116,1422.009765625,5.2959442138671875,0.929676792787351,9.394813537597656
3445,3.7776591777801514,0.8157204,4.1452274,242.10595703125,0.08055496215820312,4.143369544375936,8.432289123535156
3446,3.850057363510132,0.6890338,2.2275996,278.315185546875,8.431976318359375,3.235885452111976,7.3388824462890625
3447,2.4499154090881348,0.64874965,4.35898,532.1175537109375,2.8708267211914062,0.4287565003025904,1.74981689453125
3448,2.2162532806396484,1.8262886,6.820352,271.748046875,10.519771575927734,5.222877088054002,12.039772033691406
3449,3.0009899139404297,1.2731459,6.6330266,1228.8026123046875,2.4506378173828125,6.064961789782764,20.218963623046875
3450,2.91011381149292,1.2831428,10.7274275,1125.41162109375,10.739311218261719,5.926956304350952,19.527847290039062
3451,4.439366340637207,0.48403645,1.5060459,186.921630859375,0.8748626708984375,1.9562817859968078,3.8340606689453125
3452,3.7607057094573975,0.6270725,2.130223,34.658935546875,5.834819793701172,5.950364878315867,14.04815673828125
3453,4.590947151184082,0.5353008,0.9700646,15.355712890625,4.335941314697266,1.8753398903996583,5.132179260253906
3454,4.255406379699707,0.3478934,0.96639633,138.2568359375,3.131298065185547,1.9982140394652426,4.954353332519531
3455,2.249969482421875,1.2388958,5.371298,43.56689453125,3.9981765747070312,4.4080467188502865,10.557640075683594
3456,2.994734048843384,1.3040173,7.4854126,1108.6217041015625,1.6342391967773438,2.0126412395490583,3.4958419799804688
3457,3.0437612533569336,0.8198757,2.5669217,498.37744140625,6.368316650390625,5.465664906682303,11.101593017578125
3458,4.527997016906738,0.51293164,3.0856695,211.72021484375,1.1681900024414062,1.315151841791728,2.6014938354492188
3459,3.4979121685028076,1.2094301,9.657612,1508.387939453125,10.604839324951172,4.775745312553248,17.180694580078125
3460,2.722522497177124,0.75478387,1.0269028,71.8291015625,10.66058349609375,2.145636985527961,6.668251037597656
3461,4.231607437133789,0.9608059,4.4062676,113.909912109375,2.2664566040039062,5.203054373063466,13.284782409667969
3462,3.4525058269500732,0.6434936,2.142026,33.60546875,2.40863037109375,7.253359590562173,16.278587341308594
3463,3.2005715370178223,1.024963,3.299519,797.468017578125,17.08867645263672,9.687742131141718,23.402084350585938
3464,3.7826526165008545,1.3162279,7.3862777,367.3909912109375,5.041721343994141,2.6403660157672135,2.0715560913085938
3465,2.2741713523864746,1.0568265,5.7355013,135.8046875,3.460803985595703,1.3171559706435332,4.1009674072265625
3466,3.6509766578674316,0.6996141,2.0442123,226.953125,18.504276275634766,0.8198937910442403,0.6589126586914062
3467,3.776907444000244,1.5860752,4.8658466,69.82373046875,4.106109619140625,7.893304659451726,18.79387664794922
3468,3.0315608978271484,1.2680448,6.524907,631.66162109375,9.85296630859375,6.965239234404631,18.69377899169922
3469,3.7937378883361816,1.1648253,3.6908786,1018.706787109375,1.3302650451660156,3.6518422150264556,15.449844360351562
3470,2.7288498878479004,0.8639297,1.360622,5.55126953125,7.677227020263672,0.26545248972023927,0.217681884765625
3471,3.391432762145996,1.1186695,1.678426,982.409423828125,0.4336738586425781,3.1572563177107504,6.183647155761719
3472,4.252711296081543,0.7150991,2.976615,558.338134765625,0.20398712158203125,0.16438354994182802,1.5150680541992188
3473,1.6724486351013184,1.8520342,8.185514,601.5914306640625,3.8401641845703125,2.0132229822444714,8.611778259277344
3474,4.32928991317749,0.8145779,2.0623097,477.77587890625,1.8597450256347656,4.86358341886195,9.384231567382812
3475,3.2104744911193848,0.6000256,1.5384254,355.294189453125,6.54583740234375,1.825303367488381,4.102561950683594
3476,2.586336135864258,0.88915634,3.8407414,603.1943359375,9.589763641357422,0.0767070700029393,1.8704833984375
3477,4.642049312591553,0.08292484,0.34282386,1.187744140625,0.49619293212890625,0.31973641947580234,0.7605438232421875
3478,3.9795238971710205,0.66380864,3.0292213,248.1348876953125,0.18115997314453125,1.0037467436636867,1.8538360595703125
3479,3.1379644870758057,0.5544759,0.59749335,13.804931640625,12.493545532226562,0.021822200986292728,0.1147308349609375
3480,4.256802558898926,0.89860004,4.729231,44.626708984375,2.8671340942382812,4.678529326589711,10.800270080566406
3481,3.093493938446045,2.3777955,6.7473974,464.572509765625,8.757438659667969,6.279599343095601,13.598777770996094
3482,2.5126330852508545,2.2087612,7.600539,174.34375,22.68528175354004,5.461023370328807,15.655349731445312
3483,3.231356382369995,1.0092459,2.95027,322.333740234375,10.950969696044922,6.590263513266681,15.977203369140625
3484,4.377067565917969,0.49970996,2.5178094,14.899658203125,2.4469528198242188,2.9301763283215188,6.9501190185546875
3485,3.9368269443511963,0.64082056,2.5086565,218.188232421875,0.6917877197265625,3.2720994391951344,6.824928283691406
3486,3.7991068363189697,0.6739666,3.4083838,23.653076171875,0.2007598876953125,1.139893586277129,3.8641357421875
3487,2.1264190673828125,1.1499476,2.7040195,979.434326171875,2.3276100158691406,3.031491681762315,11.765296936035156
3488,2.4545176029205322,0.94403416,1.964525,242.221923828125,10.79977035522461,1.5018202526360014,3.1950149536132812
3489,3.2725796699523926,1.5376517,4.3842597,295.677978515625,13.106678009033203,6.07646426944358,13.290863037109375
3490,4.2098236083984375,0.7838257,1.352612,407.866455078125,2.8994216918945312,2.2542200155996674,4.469024658203125
3491,2.8701751232147217,1.2625881,2.7485833,61.546142578125,14.174945831298828,3.579964685709591,8.856765747070312
3492,3.6867308616638184,0.72372717,2.8365657,465.714111328125,4.4884490966796875,3.0955664567628816,6.131988525390625
3493,4.42228364944458,0.3871889,2.3936195,206.5111083984375,2.193798065185547,2.838610523408054,4.5388031005859375
3494,3.863765239715576,0.68515366,3.4551468,97.73974609375,7.202396392822266,4.203081516450521,9.956306457519531
3495,3.5615715980529785,0.72750205,4.8309183,440.075927734375,1.7945442199707031,5.8304461127788265,14.691902160644531
3496,3.8290324211120605,1.5372411,6.319995,293.808349609375,6.3585662841796875,6.718205139712154,17.96312713623047
3497,2.7440502643585205,1.0460329,6.703602,265.3338623046875,9.784278869628906,4.760581824481772,13.331428527832031
3498,3.7008678913116455,0.47191915,5.124259,258.90869140625,0.9893455505371094,4.048053884170429,9.991523742675781
3499,4.306376934051514,0.7916723,2.4376888,144.488525390625,7.0417938232421875,4.256047473989536,8.710456848144531
3500,2.2038650512695312,1.9998488,8.172901,119.370361328125,11.810783386230469,5.099796942503609,13.197830200195312
3501,3.7376818656921387,0.91373783,3.1072798,1346.811767578125,0.02313232421875,0.19288331508526113,4.03375244140625
3502,2.596204996109009,0.6725657,0.9948852,74.44384765625,10.391315460205078,0.24686507666378787,0.9832000732421875
3503,4.266867160797119,0.79952735,2.5284653,11.04833984375,4.762905120849609,2.289743769379868,7.567176818847656
3504,2.3936359882354736,0.6437548,2.8284054,212.687255859375,5.429546356201172,1.8201940393190768,5.279823303222656
3505,4.018336772918701,1.0698184,5.4166784,303.45849609375,6.069736480712891,9.822452012496793,23.4268798828125
3506,2.90037202835083,1.3308469,5.144367,1155.6025390625,7.362419128417969,5.281406678832809,18.300994873046875
3507,4.138277530670166,0.9343079,3.3645086,30.47412109375,6.186241149902344,2.5451780901620147,8.445877075195312
3508,3.0160439014434814,0.95070314,9.098484,216.88330078125,12.282756805419922,6.148101990221921,14.644599914550781
3509,3.239128589630127,1.9036789,10.70209,55.4365234375,6.452030181884766,9.476635229223323,22.57079315185547
3510,4.444622993469238,0.4727817,2.1627216,378.723876953125,4.311241149902344,0.09219278981894163,1.613555908203125
3511,3.4916651248931885,1.541412,3.0783615,43.446533203125,12.280158996582031,9.937363961305671,23.33301544189453
3512,3.9391112327575684,0.5169962,2.85991,156.834228515625,1.3859710693359375,0.4971973145151374,1.8104095458984375
3513,4.402568817138672,0.7702269,3.8209271,259.781494140625,2.19293212890625,4.433091622248785,10.40277099609375
3514,3.565011501312256,1.3666182,5.0443916,327.74609375,2.1410293579101562,0.9260400830708022,2.0167388916015625
3515,3.412261724472046,1.285447,4.3400016,383.549072265625,2.7604827880859375,6.529260512107417,13.5445556640625
3516,1.630397081375122,2.6861076,8.4929085,590.163330078125,10.71353530883789,3.1419265779447727,8.581047058105469
3517,3.5833590030670166,1.6307017,4.5047264,154.47314453125,4.1923370361328125,10.706455806209146,25.42920684814453
3518,4.235392093658447,1.5009756,6.931454,96.838134765625,4.1870574951171875,7.970981321488974,18.887107849121094
3519,3.296783924102783,0.7100988,1.4479445,370.585205078125,15.351760864257812,0.0077342326117744165,0.11301422119140625
3520,2.4400293827056885,0.55223554,2.255348,0.369873046875,9.033210754394531,2.45791664373807,6.567268371582031
3521,3.622568130493164,1.0199004,3.8092904,319.7822265625,4.754539489746094,0.3918435828076561,0.1949005126953125
3522,4.5576372146606445,0.18338008,0.7942829,54.0908203125,0.19433212280273438,1.9227125752699692,4.466621398925781
3523,3.9837136268615723,0.70553565,1.5188969,481.40185546875,4.6497039794921875,3.5147123330053383,7.734809875488281
3524,4.591180801391602,0.29527044,1.1341074,53.20556640625,1.3016891479492188,1.1008032911103882,2.4129867553710938
3525,3.3078126907348633,2.4622476,11.600322,134.435302734375,22.22705841064453,13.112626143814417,33.03437042236328
3526,3.9087140560150146,0.5617527,2.265078,236.96826171875,6.1940460205078125,2.6215569309364426,6.1180267333984375
3527,2.743154287338257,2.2126546,10.913233,441.343994140625,12.26644515991211,5.08874195015499,12.2314453125
3528,2.9815831184387207,0.7435653,3.6337333,263.3443603515625,8.170814514160156,3.0872474507250445,9.81829833984375
3529,3.940211772918701,0.42893347,2.1224866,144.013427734375,0.45719146728515625,4.385149067104106,9.932403564453125
3530,3.620068073272705,2.271694,9.628688,216.43798828125,4.9994049072265625,11.603228736746033,25.223098754882812
3531,3.0460872650146484,1.2831815,2.8462663,340.658203125,11.860542297363281,5.746271260860343,14.13226318359375
3532,3.605762481689453,0.812125,3.9988337,103.564453125,1.0175132751464844,8.88789944410259,20.086532592773438
3533,4.5124664306640625,0.31296983,0.8578899,258.4091796875,3.4767379760742188,1.8286259545518178,4.177284240722656
3534,4.422255039215088,0.57175833,2.5763974,60.924072265625,0.05899810791015625,3.8457174665428404,8.402191162109375
3535,3.687368631362915,0.3269063,1.4529433,91.313232421875,2.5934181213378906,3.781231375503012,8.982215881347656
3536,2.446148633956909,1.2454653,2.250203,297.07421875,8.459522247314453,3.9365820211592997,8.505424499511719
3537,3.6990485191345215,1.6958631,8.747644,40.52001953125,4.470623016357422,7.731795914765261,18.54632568359375
3538,3.259157180786133,1.4383554,5.4075956,510.960693359375,3.00762939453125,3.967366841147193,7.734001159667969
3539,1.982643485069275,0.70395046,1.0964847,49.2734375,16.878768920898438,1.1920082020043878,2.7580795288085938
3540,2.753427267074585,1.7365161,6.217288,179.462646484375,12.145034790039062,4.335295796448765,12.918716430664062
3541,4.26416540145874,0.26613042,0.8464368,26.737548828125,1.5688552856445312,1.1641828761470485,2.3166427612304688
3542,3.8553977012634277,0.84736204,3.7325501,179.3369140625,7.1967620849609375,9.7294860165844,21.384841918945312
3543,3.771794080734253,0.88174564,3.7646952,108.929443359375,3.0579299926757812,6.10826618012009,14.735061645507812
3544,4.198548316955566,0.20251793,1.1508162,123.6448974609375,1.5360565185546875,0.403722881796849,1.4919586181640625
3545,4.4613871574401855,0.44148672,2.504912,11.4857177734375,1.9625053405761719,2.3134218781426767,5.7373046875
3546,4.111750602722168,0.24978875,4.052327,24.2418212890625,1.8283653259277344,2.2801970337689035,4.9532623291015625
3547,4.165175914764404,0.49580526,2.4706624,55.181640625,2.5353775024414062,1.0295518020401317,1.2524337768554688
3548,3.259742259979248,0.53227943,1.8319447,49.8507080078125,3.0114898681640625,0.3301061504406917,0.67962646484375
3549,1.3676681518554688,2.9249642,8.64681,42.26513671875,22.42278289794922,6.508453826154881,20.66867446899414
3550,1.0923258066177368,3.4863148,15.204889,104.71728515625,17.757240295410156,2.6563703150623716,11.196937561035156
3551,4.150898456573486,0.32487744,1.5691086,53.9063720703125,0.601654052734375,0.9558032556531728,2.5708770751953125
3552,3.1980624198913574,0.8689067,1.664711,426.243408203125,5.593421936035156,3.952895506242019,6.7364959716796875
3553,3.056856870651245,1.651773,3.8924356,372.37890625,10.253555297851562,4.871276644151944,10.161506652832031
3554,4.03236722946167,0.5596915,1.7187034,249.099609375,6.942188262939453,4.8065268972258295,8.274452209472656
3555,3.3980722427368164,0.46955857,1.8710531,47.660400390625,7.380157470703125,1.3176800361868004,4.09271240234375
3556,4.2959303855896,1.1497263,3.2644315,345.544189453125,2.1434249877929688,1.4546190199601305,3.5857772827148438
3557,3.4256746768951416,0.74829596,1.0948701,1.862548828125,13.654747009277344,0.6245449683432618,1.029541015625
3558,4.054196357727051,1.5082256,4.912944,41.169921875,2.3382606506347656,6.5091140159457765,15.977622985839844
3559,4.302104949951172,0.8874262,5.246206,8.21044921875,3.7729454040527344,6.073415352534319,14.218955993652344
3560,3.0612967014312744,2.4025762,15.414185,14.378662109375,6.311225891113281,10.357939720148462,25.629493713378906
3561,3.238156318664551,0.5165684,1.0847999,220.189697265625,8.591716766357422,1.4118077292181255,3.5921096801757812
3562,4.139322757720947,0.33219025,1.5425024,177.574951171875,1.7689285278320312,0.6995832089672369,2.4547882080078125
3563,4.0940985679626465,1.394196,6.855927,202.946044921875,6.839168548583984,11.227512300395059,25.604171752929688
3564,2.7659263610839844,2.366182,13.795298,21.355712890625,9.966686248779297,10.618779634738878,24.675323486328125
3565,4.32827615737915,0.47183838,3.4602873,236.51171875,2.0748977661132812,5.317567412378967,13.436637878417969
3566,3.2383620738983154,0.4888636,1.2953448,93.047119140625,7.098182678222656,3.3385846324512443,7.124244689941406
3567,3.900155782699585,0.40082577,2.011002,90.345947265625,8.85528564453125,0.7298352357540665,3.124298095703125
3568,2.801292896270752,1.3172799,9.121899,1490.4520263671875,5.073097229003906,4.614789119402463,18.446731567382812
3569,3.138690710067749,1.1552109,10.103985,761.831298828125,9.66595458984375,6.705360964512867,19.485885620117188
3570,2.344406843185425,2.2910757,6.333708,71.496337890625,10.098407745361328,5.447107361576595,14.181587219238281
3571,3.6046106815338135,0.5828349,2.950668,326.1904296875,7.967689514160156,4.59278446355404,11.128837585449219
3572,3.1184134483337402,1.0101186,2.3320568,376.96923828125,8.12588119506836,4.461606450921444,8.194000244140625
3573,4.539976119995117,0.48444936,2.039087,282.38427734375,1.2245712280273438,2.249002267339563,3.709197998046875
3574,4.594151973724365,0.6126306,3.0300212,123.018310546875,0.5833969116210938,4.693607006665918,10.394790649414062
3575,3.544501781463623,0.68187827,1.499788,820.267578125,2.7557411193847656,2.139766240162327,7.829002380371094
3576,4.052547931671143,0.29491088,0.83231974,191.13134765625,6.328975677490234,3.3854764137941302,6.74383544921875
3577,3.0221755504608154,1.4202685,9.923803,1076.23193359375,7.173210144042969,7.198456307165063,21.97998046875
3578,3.610117197036743,0.523786,1.7172343,44.229248046875,5.9785003662109375,5.319410717235687,9.849784851074219
3579,3.8789870738983154,1.5356184,7.386778,76.15087890625,2.1493186950683594,7.453489970992127,18.169334411621094
3580,3.7807517051696777,0.61489105,3.04562,198.56494140625,0.7037239074707031,6.011481614876239,14.001670837402344
3581,4.174840927124023,0.9746988,3.5680904,160.755126953125,8.492557525634766,2.3671511743732196,7.162467956542969
3582,2.2742748260498047,2.2525425,9.551441,272.80126953125,12.416038513183594,6.106231438169711,14.982635498046875
3583,2.2300610542297363,1.3447148,9.282645,1145.24853515625,1.7526893615722656,2.7188130092322638,13.517219543457031
3584,3.0292165279388428,1.3770003,10.994245,1380.6318359375,6.623287200927734,8.64961000765901,27.00719451904297
3585,4.259512424468994,0.5805899,1.5051526,264.82275390625,1.5961341857910156,0.5479873729051299,0.8912353515625
3586,3.8933122158050537,0.6197451,1.2489973,372.93359375,9.81899642944336,1.5001228932628194,4.274162292480469
3587,2.7876014709472656,0.38789597,1.5413007,117.584716796875,7.216552734375,1.9048892282933494,3.9673385620117188
3588,2.215751886367798,0.5431639,2.8010077,337.0792236328125,8.198959350585938,2.0642861192019097,7.0268402099609375
3589,3.8774173259735107,0.42187116,1.8191311,90.060791015625,3.2209815979003906,1.3147574993974445,3.461395263671875
3590,3.4485809803009033,1.4727768,4.407594,275.450439453125,4.039569854736328,7.518503439609969,17.580154418945312
3591,3.485307216644287,1.043099,2.5031147,200.9456787109375,7.560222625732422,2.50972668268815,5.725852966308594
3592,3.85225248336792,1.623921,8.722492,48.667724609375,6.398708343505859,5.385585330663385,13.796669006347656
3593,2.554720401763916,1.242795,7.845019,1205.4329833984375,8.013797760009766,1.0597999217617193,9.381118774414062
3594,4.4256672859191895,0.69443226,3.1264553,278.650390625,0.4171638488769531,2.4590606615888575,4.819419860839844
3595,4.018772125244141,0.55316466,1.724176,288.983154296875,1.2304801940917969,0.13862468237304526,0.15396881103515625
3596,4.2235589027404785,0.2640213,1.3867085,157.40869140625,2.1397781372070312,1.2584873635528382,3.6300582885742188
3597,3.5316998958587646,1.2181048,3.886283,41.748046875,10.14505386352539,4.09743922498291,10.002670288085938
3598,2.258500099182129,1.3777329,7.8529353,1040.032958984375,8.030174255371094,7.64666483084941,23.992904663085938
3599,2.689183235168457,1.0681614,5.349859,2014.7408447265625,7.163627624511719,0.9081325865553502,5.220710754394531
3600,2.3782286643981934,0.7684159,3.1176798,187.5179443359375,10.927093505859375,2.01821645757164,6.546142578125
3601,3.119175910949707,1.2958227,8.053041,1289.02490234375,0.7989425659179688,3.7258484666437646,15.250511169433594
3602,2.092315673828125,2.0568845,8.411203,60.276611328125,9.273283004760742,4.617911560102446,11.607002258300781
3603,4.496123790740967,0.4885639,1.7043878,210.56884765625,2.4385986328125,3.42959916871499,7.836029052734375
3604,3.1328251361846924,0.5199549,1.1506369,211.50146484375,10.029876708984375,2.8152585374314967,6.9877777099609375
3605,2.733607530593872,0.9343534,2.861183,50.2525634765625,5.7584991455078125,1.9052734184116638,8.798370361328125
3606,1.8257977962493896,3.2298832,14.619613,97.52099609375,13.175865173339844,9.852806411589672,25.876571655273438
3607,2.362783193588257,1.0538031,6.8332386,1539.807373046875,1.2211494445800781,3.8958076795937018,12.797561645507812
3608,2.9621801376342773,0.41978955,2.0542183,199.2957763671875,5.521846771240234,3.2968433771365504,8.535972595214844
3609,4.198275089263916,0.78649,2.2184086,255.2982177734375,3.073871612548828,1.785626777938134,1.6383514404296875
3610,3.235215663909912,0.64196044,0.9461868,383.510986328125,8.32257080078125,2.954948993882276,6.508308410644531
3611,3.368967056274414,1.2791675,12.904338,1158.888916015625,7.935123443603516,6.357611937260231,20.345535278320312
3612,2.754007339477539,1.1897626,4.6811447,143.705078125,6.482501983642578,3.9798051149298885,9.930015563964844
3613,4.178177356719971,1.3223134,3.1484022,44.16748046875,5.0832061767578125,6.025342524843797,16.866409301757812
3614,3.6907670497894287,1.0344127,3.9941258,285.666259765625,8.975067138671875,2.368932293092925,5.3401031494140625
3615,4.599233150482178,0.2958512,1.0366168,57.854248046875,1.3144378662109375,0.476068319461163,1.0863265991210938
3616,3.7250118255615234,0.576968,3.3638337,85.5645751953125,4.322761535644531,4.397337548349967,10.593574523925781
3617,3.3936691284179688,0.38591656,2.6359625,83.2926025390625,1.0765037536621094,2.7748824039005164,6.000877380371094
3618,3.428654193878174,1.719113,6.598821,153.786376953125,8.422740936279297,4.371705322621722,11.467765808105469
3619,4.168333053588867,1.8122879,4.112695,386.24365234375,4.09503173828125,9.632273613143177,22.47229766845703
3620,3.3390040397644043,1.2499276,7.6817813,1588.3359375,2.703075408935547,4.663690125394371,18.586509704589844
3621,3.700627565383911,0.8470943,1.916871,325.514892578125,2.3087310791015625,3.6301364161290977,7.073081970214844
3622,4.2398681640625,1.3571309,6.042804,244.021240234375,1.130523681640625,9.312894634252242,22.31121826171875
3623,4.63021993637085,0.38386822,1.3920625,50.36083984375,0.6437797546386719,3.5749064031601208,8.337852478027344
3624,3.1119768619537354,1.1755149,2.8382907,1242.9832763671875,2.0402450561523438,0.8994151667040065,7.960960388183594
3625,3.0720129013061523,1.5435004,4.920031,608.27880859375,7.796607971191406,3.1953303740715633,4.960197448730469
3626,3.3011727333068848,2.1054144,9.400696,98.438720703125,5.6511993408203125,7.9777977740592725,21.052719116210938
3627,4.093770503997803,0.33251563,1.3857905,280.300537109375,3.8803939819335938,5.258637564688446,11.731277465820312
3628,4.28193998336792,1.3955417,3.4843965,129.7158203125,8.281608581542969,0.18437507433197808,1.89422607421875
3629,2.9806301593780518,1.3288116,2.440692,403.1162109375,4.072715759277344,6.134723937472433,12.429450988769531
3630,2.643723249435425,0.5619447,1.554324,323.41259765625,4.895195007324219,2.187149693353586,3.9979934692382812
3631,4.159149169921875,1.3294599,4.270238,315.326904296875,0.09821319580078125,4.934205393042493,12.687690734863281
3632,4.482575416564941,0.15751162,1.0513037,55.9794921875,1.0942306518554688,0.18020111340363343,0.738006591796875
3633,3.5246129035949707,1.4688643,3.1098552,313.834716796875,7.465877532958984,4.910990889031773,13.757606506347656
3634,3.1312410831451416,1.1627519,2.2040968,299.50390625,16.31928253173828,2.707480919372234,8.60260009765625
3635,4.013075351715088,1.6401471,6.0425844,150.562255859375,3.9952011108398438,11.676074848630392,27.974586486816406
3636,3.575690269470215,0.76259965,1.8360667,626.195556640625,2.705738067626953,1.6704967206286234,4.6471099853515625
3637,2.391529083251953,1.3406091,5.5265565,1637.9593505859375,3.830341339111328,0.9346339067387532,10.14715576171875
3638,4.27976131439209,0.633527,1.5955007,180.53515625,1.3383750915527344,0.05277521427703391,1.5560150146484375
3639,3.8467752933502197,0.36159,1.3828522,144.899658203125,0.23206329345703125,0.7203457925241885,2.3593063354492188
3640,3.1148581504821777,1.5317985,4.525315,263.0029296875,4.584095001220703,2.2774837970890545,4.7474365234375
3641,4.28216552734375,1.5173031,6.003448,349.9111328125,2.414600372314453,6.4822102382997,15.695716857910156
3642,3.0565948486328125,0.5703678,0.63063544,72.436279296875,10.308361053466797,2.514794313518326,4.461265563964844
3643,3.830413341522217,0.55306214,3.587114,491.45458984375,2.5942001342773438,6.084420060125286,15.121726989746094
3644,1.8061360120773315,1.0275183,6.147788,62.549560546875,9.184867858886719,1.1290591318423004,3.048614501953125
3645,1.1133675575256348,3.5178165,15.596524,21.23388671875,14.038902282714844,7.037800285833811,21.569725036621094
3646,4.0025739669799805,1.3629764,5.0061703,290.974853515625,0.15368270874023438,1.271480115228016,0.9450225830078125
3647,4.432512283325195,1.2488617,6.9629297,18.81298828125,0.49515533447265625,6.778747174672233,15.886138916015625
3648,2.9623420238494873,1.446982,5.0911098,118.9510498046875,5.102500915527344,4.649908393227342,9.951713562011719
3649,4.548294544219971,0.43063402,1.2144262,219.1904296875,1.8880615234375,1.6282581362497375,3.3287887573242188
3650,3.8255486488342285,1.4052714,4.5564117,150.845703125,7.771869659423828,0.5117259183369214,4.7543182373046875
3651,3.300088882446289,1.1420792,2.5937457,233.9736328125,8.847305297851562,2.0922023462590715,6.65838623046875
3652,3.11971116065979,1.1667188,8.543176,1646.630126953125,4.411907196044922,5.168891586293633,18.90349578857422
3653,3.1558303833007812,2.404298,8.270827,308.541015625,4.2332763671875,8.897844041078361,21.435813903808594
3654,2.175917625427246,1.7187737,7.717311,10.501220703125,16.46731185913086,4.863688626857691,11.935497283935547
3655,1.163785696029663,3.438092,15.499014,91.14013671875,20.694257736206055,8.304327029762423,24.35755157470703
3656,3.804879903793335,0.63953465,1.4536977,197.1441650390625,6.986995697021484,3.084541990217648,9.130851745605469
3657,1.926194429397583,2.621619,5.0325055,34.9970703125,8.399333953857422,8.748837867471838,21.650962829589844
3658,4.456752300262451,0.46037784,2.8261929,251.2041015625,2.1338462829589844,3.4199219616898233,7.885467529296875
3659,3.7710211277008057,0.46924698,0.6337582,99.955322265625,5.890068054199219,0.3829926359671916,2.0582656860351562
3660,3.8512096405029297,1.0122405,4.914727,24.0574951171875,6.415157318115234,4.384113637404518,8.844963073730469
3661,3.589059829711914,0.5995737,4.771859,621.39306640625,0.8933486938476562,7.128175798982085,17.64605712890625
3662,3.4452056884765625,1.4643134,5.653272,172.468994140625,10.839683532714844,3.8101924274173307,11.859718322753906
3663,2.6615071296691895,1.0789251,3.2284865,12.9620361328125,10.165904998779297,1.3219859780476888,7.961174011230469
3664,3.557864189147949,0.5069335,0.6243655,49.29638671875,5.499675750732422,1.443571952000223,2.3565139770507812
3665,2.8109564781188965,1.285148,3.5763483,1488.41162109375,14.144927978515625,2.99230759425523,1.5372848510742188
3666,4.082701206207275,1.2125603,2.8873894,367.7158203125,5.825580596923828,4.278698883484349,10.366241455078125
3667,3.819697618484497,1.2824029,2.662828,209.337158203125,4.268165588378906,7.866301420269167,18.056304931640625
3668,3.181929349899292,0.56136906,1.3871416,144.95947265625,2.514087677001953,2.6971832219563048,5.000152587890625
3669,4.166241645812988,0.9646289,4.0894914,20.750732421875,5.967292785644531,8.362351268865979,18.4012451171875
3670,4.426564693450928,0.19859405,1.0617814,12.3265380859375,0.31838226318359375,1.4633278848272155,3.4508285522460938
3671,2.0762007236480713,1.2372543,2.0959709,467.484619140625,13.258682250976562,3.5573516844059974,7.284416198730469
3672,3.9964020252227783,0.36514524,1.9794753,131.21484375,5.649593353271484,1.835957947120928,5.5447235107421875
3673,4.093557834625244,1.2586273,2.5945878,123.440673828125,9.675102233886719,2.643456644981775,7.688331604003906
3674,2.806314468383789,2.0350025,9.940787,160.50048828125,7.659950256347656,7.290496825116392,19.966552734375
3675,2.3886358737945557,0.5285093,2.459914,154.4613037109375,7.3669281005859375,1.9232538971833009,6.2208404541015625
3676,2.0037214756011963,1.9235424,4.484006,262.369140625,13.36004638671875,3.1694527998154456,10.628173828125
3677,4.03594970703125,0.35037002,0.952987,202.71826171875,10.053138732910156,1.1526929148969174,2.4895248413085938
3678,3.0770034790039062,0.85086113,4.6273284,94.0859375,6.3054656982421875,5.504759545159121,12.47149658203125
3679,3.0043623447418213,0.39595738,2.0335515,240.1044921875,4.877960205078125,6.0379843450277235,13.9862060546875
3680,3.1870462894439697,2.2451446,5.328745,438.1083984375,11.401832580566406,4.042748895240411,9.654457092285156
3681,3.1459877490997314,1.1792492,5.6291614,1379.272216796875,1.9696311950683594,3.8999873770132574,17.295875549316406
3682,4.184563636779785,0.79253703,3.6142306,54.177978515625,4.5575408935546875,3.104760401215785,11.204483032226562
3683,4.2933197021484375,1.0604353,1.3713791,377.0283203125,5.210418701171875,1.0908327992000757,3.8121414184570312
3684,4.277193546295166,0.66559666,1.0401632,268.19580078125,2.9171714782714844,1.269387193416108,2.7245254516601562
3685,3.189664363861084,0.3885796,0.78260946,145.54443359375,3.0304527282714844,2.610321844864508,5.946983337402344
3686,2.3558595180511475,0.5884073,4.688314,249.764404296875,1.0800247192382812,2.956003555523786,5.051849365234375
3687,3.9375956058502197,0.37047568,1.4112937,66.91357421875,2.6279144287109375,0.7467609174368022,1.73284912109375
3688,2.8779900074005127,1.1824496,5.900749,1306.404541015625,1.1563835144042969,0.30614502041239433,7.318473815917969
3689,2.6970620155334473,2.8698037,15.323573,80.814697265625,10.4296875,12.417852813644188,30.703514099121094
3690,4.559168338775635,0.3359209,1.4066261,116.4892578125,0.057888031005859375,1.0196140435798071,1.8002700805664062
3691,1.7333146333694458,2.083033,8.977394,121.29541015625,4.906513214111328,4.778255919385558,12.512176513671875
3692,4.350971698760986,1.3696407,5.770282,335.7611083984375,2.3143157958984375,5.809317486392111,12.648391723632812
3693,2.530379295349121,1.5994123,7.167746,58.8883056640625,8.872543334960938,4.791741129679558,13.633682250976562
3694,4.207529544830322,0.80753803,3.6935477,97.7943115234375,5.541229248046875,3.942093962793944,9.125808715820312
3695,4.0602850914001465,1.1229264,4.1136713,207.4765625,8.132301330566406,4.665079730391987,12.321182250976562
3696,3.3381271362304688,0.5016558,1.2696521,269.63330078125,2.7900314331054688,1.20439401186729,2.3848114013671875
3697,3.5728507041931152,0.5475537,1.3593458,47.387939453125,9.627128601074219,1.3056537300051012,3.5339736938476562
3698,3.166274309158325,0.55573344,2.7493196,15.328369140625,5.102348327636719,2.7918714058975844,6.7101898193359375
3699,3.9811999797821045,0.67540336,3.1771293,224.0096435546875,1.9303436279296875,2.9098695057122868,5.3587646484375
3700,3.8258395195007324,0.35704207,1.2371294,60.681640625,7.178627014160156,1.0429507906115845,1.9704055786132812
3701,2.902510643005371,0.92907745,2.3081722,361.35009765625,15.684329986572266,1.7099355297072805,5.468292236328125
3702,4.090085029602051,0.7640999,6.41947,90.7359619140625,2.3583755493164062,6.1116685051201465,15.665176391601562
3703,4.541159629821777,0.87879914,3.5184925,77.316162109375,0.8674659729003906,4.894212464360731,11.287490844726562
3704,4.490170955657959,0.7990236,2.9543498,35.96728515625,4.252185821533203,3.5905416954890015,8.716583251953125
3705,1.1890681982040405,3.262562,15.862511,212.2587890625,22.61615753173828,7.808238120967076,21.801528930664062
3706,3.5107955932617188,0.7977255,5.4520855,44.3489990234375,5.747219085693359,2.64564505602808,6.26092529296875
3707,2.5658934116363525,1.1877619,8.859062,1582.6175537109375,3.66424560546875,4.2928211213142085,17.660003662109375
3708,3.010302782058716,0.9629607,1.9617712,642.447998046875,5.218315124511719,0.2699513710621986,0.55523681640625
3709,3.708890676498413,1.6942759,6.7061305,283.09716796875,4.636051177978516,7.144567969077759,15.997962951660156
3710,3.4182777404785156,0.8148739,6.2388396,705.162353515625,0.4522819519042969,6.17101107126447,16.621795654296875
3711,3.559293508529663,1.010007,3.7097564,16.540771484375,5.239330291748047,3.5383979887304555,9.613540649414062
3712,3.9083845615386963,0.4992433,1.1043892,77.64306640625,7.849998474121094,4.388191413344224,8.006355285644531
3713,2.81826114654541,0.6560292,1.0863874,72.91162109375,7.620887756347656,0.557835646539715,1.1536407470703125
3714,3.9502687454223633,0.65255046,2.1892428,652.0078125,4.146701812744141,0.9941372370582933,3.3393936157226562
3715,4.075349807739258,1.0933089,2.4315844,289.095703125,1.3425025939941406,0.9409774952169023,3.8854217529296875
3716,4.415715217590332,0.35140118,0.6643468,53.208251953125,0.21112060546875,1.2024527292062466,3.0781402587890625
3717,4.449512958526611,0.8757872,2.2908516,288.439697265625,4.191127777099609,1.8064431660309452,4.161415100097656
3718,1.3427464962005615,3.1007671,12.9886,17.2724609375,7.195056915283203,9.409809703177253,24.121646881103516
3719,2.561569929122925,1.170413,4.9213085,43.635498046875,8.84701156616211,2.8638583530666253,7.532707214355469
3720,3.555605411529541,1.3663343,3.9209075,545.973388671875,3.6775131225585938,4.381549900647077,10.267677307128906
3721,2.762117862701416,0.73306274,1.9506483,469.790771484375,7.046115875244141,2.7610256475748045,6.676727294921875
3722,3.510672092437744,2.110295,6.1352735,91.49755859375,3.842487335205078,7.1924602589505255,18.293869018554688
3723,3.9199328422546387,0.9888637,3.6274707,1328.4757080078125,3.0618438720703125,7.733114276800482,20.298095703125
3724,3.2235851287841797,0.61046064,1.0621903,123.234375,6.520236968994141,0.05549412270262977,1.0399169921875
3725,4.425255298614502,0.49514976,2.4264648,194.9451904296875,1.8173599243164062,1.9548830633022831,4.0218353271484375
3726,3.063403367996216,0.973526,1.7385206,7.32763671875,9.766098022460938,2.6833069117452375,6.0012054443359375
3727,3.628164529800415,0.86955255,1.7951908,345.20556640625,8.805171966552734,0.5830177467967026,2.0223007202148438
3728,3.510380268096924,1.0855256,1.8985904,359.755859375,5.251312255859375,0.706036733297541,2.6475067138671875
3729,4.182890892028809,1.6545733,5.238055,169.2061767578125,3.991466522216797,16.144748506796955,36.66276550292969
3730,3.606846570968628,1.0155276,7.1483307,549.573486328125,11.383529663085938,7.13612782931116,18.9703369140625
3731,3.976659059524536,1.2801238,8.4876,876.6318359375,0.651153564453125,5.418543178022432,18.953330993652344
3732,3.609400987625122,1.6517878,5.2958155,356.181884765625,5.3735198974609375,4.256196543172489,11.191062927246094
3733,3.8823108673095703,0.49509394,2.5490553,62.281494140625,0.9749183654785156,4.648458259858305,9.921455383300781
3734,3.702430486679077,0.69533294,4.6346684,516.93408203125,7.812564849853516,6.008298482842051,15.542991638183594
3735,4.345148086547852,1.2022004,1.9429615,603.60302734375,3.8428726196289062,6.66182258590479,15.428764343261719
3736,3.5872254371643066,0.371214,1.9580237,78.1614990234375,5.8319091796875,0.18145050392326567,1.212554931640625
3737,2.9291675090789795,1.2458357,6.3476887,1047.785888671875,0.8423843383789062,2.9652364184121183,12.7379150390625
3738,3.7396750450134277,1.058309,7.510964,18.47216796875,2.6922073364257812,7.465362090207432,17.34735870361328
3739,4.045004367828369,1.7095814,5.957225,446.315185546875,7.1507110595703125,5.154587200220714,13.518890380859375
3740,3.095527410507202,1.2654394,4.0851073,24.284912109375,11.179443359375,2.543822152428291,7.132972717285156
3741,2.470503330230713,0.74124295,2.5368044,321.3868408203125,10.321819305419922,4.683896567556896,11.633960723876953
3742,3.524510622024536,0.723334,1.7075107,38.021484375,12.09140396118164,0.7874641866294709,1.1718368530273438
3743,1.553054690361023,3.4562461,13.622066,34.55322265625,26.106369018554688,11.674832423988477,31.017898559570312
3744,2.702167510986328,1.8301734,12.011389,24.91943359375,13.650924682617188,8.130850582612211,17.337677001953125
3745,2.5744214057922363,1.1285751,1.7304783,37.70947265625,20.866424560546875,1.845769814250449,5.5021820068359375
3746,2.0341267585754395,0.60647345,2.8713138,54.4931640625,0.027622222900390625,0.012970059379316723,1.546966552734375
3747,3.6230247020721436,1.0955118,4.0308237,445.23193359375,4.455059051513672,4.092405323356882,7.2060394287109375
3748,3.227151870727539,1.2979203,3.7043617,182.187744140625,8.531318664550781,7.267598157750776,16.86260986328125
3749,2.7306277751922607,0.6407626,1.2537761,212.03466796875,10.930461883544922,1.6693444283018977,3.0488204956054688
3750,3.1647708415985107,2.0168722,8.994048,11.190185546875,6.3742828369140625,8.282897565251833,21.035240173339844
3751,2.8233885765075684,2.0468922,12.736284,184.894287109375,12.808048248291016,6.377136808243183,17.332195281982422
3752,2.4270710945129395,0.6860895,1.6123006,153.359375,5.649181365966797,1.1697351058085488,1.4475326538085938
3753,1.6104588508605957,2.801767,9.928603,101.32470703125,19.085891723632812,6.3979307024461605,17.124649047851562
3754,2.433157205581665,0.6115882,3.221333,134.804443359375,9.365806579589844,1.6115501859030879,3.2875442504882812
3755,3.187354564666748,2.27518,7.814195,192.035888671875,6.371528625488281,8.031232712908334,23.595718383789062
3756,4.02531099319458,0.33681574,2.4011056,252.7113037109375,4.025753021240234,3.0737068616082084,8.054924011230469
3757,4.001794815063477,1.3286097,2.8152628,11.534423828125,4.357128143310547,7.347454869940588,17.886985778808594
3758,4.365285396575928,0.86892766,4.4465575,105.3544921875,1.0182609558105469,1.9254830927563837,4.807868957519531
3759,1.3910704851150513,3.4918435,16.586828,249.53564453125,24.042022705078125,14.291089975891914,38.621368408203125
3760,2.7349066734313965,2.8209002,12.881035,136.701171875,12.99087905883789,9.207925860657056,24.620071411132812
3761,3.190833806991577,1.0210267,1.8682427,1316.708740234375,4.293956756591797,1.22227336964783,9.907463073730469
3762,3.7042548656463623,0.48573843,1.6319679,121.950927734375,7.603599548339844,2.854806777517158,7.209770202636719
3763,3.1941916942596436,0.63641554,1.7541156,433.219970703125,5.894969940185547,4.669726137626636,10.094078063964844
3764,3.2447779178619385,0.47607794,2.1907015,74.2413330078125,6.713657379150391,0.21824000961174406,0.02959442138671875
3765,3.5988831520080566,0.55935556,2.0945525,69.4814453125,0.9012374877929688,1.9715879328075339,5.4282073974609375
3766,3.036621332168579,0.5432244,2.548254,263.165771484375,6.740985870361328,4.257008764548022,8.474372863769531
3767,3.3903868198394775,0.97104186,2.5085177,1340.97998046875,1.54150390625,2.15575007993813,10.038642883300781
3768,3.5412654876708984,1.1155604,4.783739,25.106201171875,1.402587890625,6.724964095967735,16.053802490234375
3769,3.5824391841888428,1.2157274,4.8249645,1362.432861328125,6.735115051269531,7.163332429331373,24.046554565429688
3770,3.4580981731414795,0.56218356,1.071348,180.304931640625,6.702842712402344,1.7129862940170995,4.6902008056640625
3771,3.6141958236694336,0.71744984,2.5231578,73.5831298828125,8.461830139160156,1.3577550552107205,3.8397750854492188
3772,3.6292431354522705,1.3858379,7.239874,37.54736328125,2.8551597595214844,5.50449489713921,14.685501098632812
3773,4.123566627502441,0.9368499,2.4421544,437.53662109375,5.037113189697266,5.321578849828718,13.024879455566406
3774,1.440222978591919,3.11297,9.758162,139.75830078125,16.20025634765625,2.383674624948142,9.7711181640625
3775,3.780644416809082,0.45648658,2.0603018,359.6544189453125,1.0823249816894531,0.5237160256817646,3.0521469116210938
3776,3.1577117443084717,0.74431664,1.7777765,508.056396484375,0.40517425537109375,3.0489040895268786,5.885917663574219
3777,3.9270575046539307,0.64109474,1.3932021,128.434326171875,7.203971862792969,1.6755765210907683,4.511871337890625
3778,2.596134901046753,2.811967,14.451206,6.91162109375,12.64449691772461,11.876556964984882,28.000019073486328
3779,4.100951194763184,0.52277994,2.2946656,331.15234375,2.6092376708984375,4.460204698811022,10.347763061523438
3780,3.57566499710083,1.3732866,8.791682,277.336669921875,12.862056732177734,0.4523279560767435,2.0482864379882812
3781,1.954047679901123,1.4473089,2.9762964,260.6865234375,10.66900634765625,2.039427167796166,3.5942306518554688
3782,2.6602232456207275,0.99090624,4.6360793,70.2274169921875,4.511569976806641,3.8520045826303537,9.288520812988281
3783,3.803225040435791,0.7374344,2.1358852,585.0693359375,2.5184898376464844,1.587831161308177,3.766845703125
3784,3.3251230716705322,0.98363066,5.233761,36.787353515625,3.3408889770507812,4.2641635185307365,10.413497924804688
3785,4.402915954589844,0.97624797,4.9943814,1355.64501953125,1.000701904296875,14.098503819298998,35.730926513671875
3786,1.093093991279602,3.74529,18.241602,94.255126953125,23.417491912841797,6.900978138460982,18.53436279296875
3787,3.4968671798706055,0.6288764,2.9324229,403.080810546875,7.214488983154297,4.164672273386763,9.883438110351562
3788,3.8383116722106934,0.49845967,1.0564712,51.7373046875,6.289424896240234,2.710848995982495,6.3538360595703125
3789,3.80572247505188,0.8240721,1.886972,659.213134765625,1.6456222534179688,0.9222956971882148,2.411224365234375
3790,3.904938220977783,1.0354214,9.408589,449.705078125,6.855567932128906,4.36683254444722,13.649612426757812
3791,4.392109394073486,0.6671934,1.9209026,237.3701171875,5.212368011474609,2.3636906540986153,5.444915771484375
3792,3.674865961074829,0.7180708,2.6616673,632.658447265625,1.0252532958984375,1.9489009361660834,6.444953918457031
3793,3.9829564094543457,0.8071653,5.3787055,442.9825439453125,4.485263824462891,2.6785668318678546,6.2433624267578125
3794,1.9029393196105957,1.2765261,7.454411,138.0028076171875,6.623851776123047,4.853432350237874,10.827842712402344
3795,2.7499029636383057,1.5635086,4.0378733,1228.68994140625,7.351837158203125,7.902475453564108,11.202033996582031
3796,4.183928489685059,1.0838434,4.3008194,554.209716796875,8.556018829345703,0.16303787427761662,6.729606628417969
3797,2.441342830657959,1.2027119,5.251004,40.5028076171875,9.77315902709961,4.415713880222484,10.260650634765625
3798,2.1009647846221924,2.5997117,9.831487,25.8232421875,6.374183654785156,5.774902799491944,16.705047607421875
3799,3.674511432647705,0.48521733,2.3681464,100.0205078125,1.1386260986328125,0.5312221855908916,1.2831344604492188
3800,4.404118537902832,0.809946,3.6435716,130.376953125,2.566509246826172,2.8858092549772643,6.214759826660156
3801,4.492801189422607,0.30205795,1.2072196,15.832763671875,1.2711296081542969,1.740638906103964,4.534370422363281
3802,3.6199495792388916,1.921579,6.956477,48.098876953125,8.281925201416016,7.171436975079509,16.5465087890625
3803,4.1177144050598145,0.38350025,0.88345116,35.5263671875,1.5144729614257812,5.146795622659514,10.936080932617188
3804,3.6222710609436035,0.27328432,2.5570755,124.6541748046875,0.6312980651855469,1.0215965649230583,1.4773025512695312
3805,3.472665548324585,0.580681,2.8230777,8.46630859375,8.501167297363281,1.3934428537688888,4.974662780761719
3806,3.217114210128784,1.3825172,2.5191422,536.07275390625,8.194473266601562,4.616189559402471,10.194297790527344
3807,3.6972815990448,1.5417565,3.407669,409.8001708984375,8.345523834228516,0.6286522559470065,2.8443832397460938
3808,3.63782000541687,0.7016341,1.0637633,166.9873046875,11.578544616699219,3.4111476456406393,5.628898620605469
3809,2.9461557865142822,1.242438,2.490827,86.3408203125,9.053569793701172,5.62091271444509,15.369110107421875
3810,3.8256046772003174,0.3465034,2.4763823,86.942138671875,3.583251953125,1.660112007343571,4.274330139160156
3811,3.536644220352173,1.0719728,4.5074835,1316.8402099609375,0.1827545166015625,0.15755752246838028,5.159095764160156
3812,4.310934543609619,0.7385469,3.132235,23.705078125,3.0655975341796875,5.111088535079851,11.500625610351562
3813,1.1595278978347778,3.1347246,10.706975,434.69482421875,10.790889739990234,4.963744522172757,11.429302215576172
3814,4.18516731262207,1.4405214,5.8093247,235.36669921875,2.8657684326171875,7.908931161835618,18.767959594726562
3815,3.8652524948120117,0.88117915,1.5638375,575.560546875,12.194469451904297,1.3166707219987117,2.3156204223632812
3816,3.3592634201049805,1.2173448,8.963095,1476.5230712890625,3.473613739013672,4.534763666660563,19.419219970703125
3817,2.969205379486084,0.5182855,2.397583,35.6630859375,6.926799774169922,2.4830648786514935,6.701057434082031
3818,3.6427688598632812,1.0046304,3.3601637,111.73388671875,9.225379943847656,1.1943446594214748,4.7065582275390625
3819,3.7504796981811523,0.41722527,1.881472,339.634765625,0.37902069091796875,2.7715857876276004,8.057075500488281
3820,3.7218194007873535,0.8898553,2.0922234,662.047607421875,3.5669631958007812,1.068515301783961,2.4301681518554688
3821,2.4563252925872803,1.6743299,5.3309727,42.749755859375,13.373882293701172,8.174978332610142,19.177139282226562
3822,3.6246986389160156,1.3548504,8.761744,76.142333984375,7.231983184814453,8.722974926905007,20.38835906982422
3823,3.491001605987549,1.4865307,6.0734425,374.309326171875,9.05911636352539,6.214468834515003,14.238883972167969
3824,4.168869972229004,1.0229808,5.540385,250.5816650390625,0.09091949462890625,0.350593604277627,1.0974807739257812
3825,1.8693426847457886,1.8943186,7.3287134,168.5355224609375,3.9024085998535156,2.723599099036708,7.111751556396484
3826,1.820573329925537,2.1602201,11.598385,162.949462890625,18.18392562866211,4.198253236445915,12.264877319335938
3827,3.429828643798828,0.6852186,1.9669542,6.45361328125,3.6932716369628906,0.9807943432558304,2.2350807189941406
3828,4.275327205657959,0.5572534,1.5129727,149.07373046875,2.2641448974609375,2.7699331454333347,5.575813293457031
3829,3.7555675506591797,1.0743929,6.1133175,1580.5386962890625,3.0247421264648438,5.605011587590983,17.396942138671875
3830,2.4319908618927,1.0946376,2.3585873,602.33154296875,8.733943939208984,0.3227766249046162,0.7752761840820312
3831,4.376411437988281,1.2685835,2.7986898,164.30078125,5.269405364990234,7.6752902935951965,18.477249145507812
3832,3.994188070297241,0.8500541,3.8456428,92.052978515625,0.8680038452148438,1.6314619286309053,4.963798522949219
3833,3.8599207401275635,1.1723899,4.6091056,303.9593505859375,1.2377586364746094,0.9708256886580244,3.3038101196289062
3834,2.6855711936950684,1.0654775,2.947517,199.57861328125,8.733047485351562,3.655698280978843,9.684158325195312
3835,3.686441421508789,0.70411825,2.591407,207.128173828125,3.6139183044433594,3.8632226096646107,7.4116973876953125
3836,1.0249818563461304,3.280548,19.164543,170.890869140625,16.872194290161133,9.318697947053785,23.26105499267578
3837,3.7705066204071045,0.61079645,2.7520347,672.91064453125,0.8913536071777344,4.413560591272972,10.538970947265625
3838,1.0561007261276245,4.028342,16.156378,90.980712890625,17.838489532470703,4.4476751174020634,16.147167205810547
3839,3.603114128112793,0.886847,1.719335,198.4833984375,5.7552947998046875,1.3099916471180002,2.6740646362304688
3840,3.273536443710327,2.163082,6.4962745,12.66650390625,6.506431579589844,7.06853936189804,19.92083740234375
3841,4.604053020477295,0.12877727,0.2807769,4.935546875,1.5298805236816406,0.42465732522097,0.9168319702148438
3842,3.9553158283233643,0.39286864,2.1709518,284.2412109375,4.100795745849609,4.282939201745016,10.700706481933594
3843,4.323225021362305,0.49409285,0.7938405,594.4208984375,7.360317230224609,0.4639046440796264,1.1580047607421875
3844,2.379821538925171,1.4197483,4.651459,37.1123046875,6.454246520996094,3.9279372170932874,9.3914794921875
3845,3.3031797409057617,1.2129437,7.101764,1636.4749755859375,1.3188552856445312,6.318814288837782,18.561386108398438
3846,3.6858274936676025,0.48869848,1.9838758,512.107666015625,1.64068603515625,3.3391584977814794,9.701026916503906
3847,4.228835582733154,1.2862328,4.1057916,234.1197509765625,2.925731658935547,5.544619734172823,13.259765625
3848,3.7259445190429688,1.1939113,3.6631088,1668.8372802734375,7.078304290771484,5.587242240345454,21.33867645263672
3849,3.3601255416870117,0.47326526,2.5233023,265.557861328125,1.6351318359375,0.5448868212680651,0.31267547607421875
3850,3.751387596130371,0.50077075,1.5803092,44.2135009765625,1.5640716552734375,1.3418511442374488,2.9516830444335938
3851,4.174193382263184,1.4044353,5.5612373,377.3179931640625,3.0254669189453125,1.1996912404282511,5.000740051269531
3852,3.322704792022705,0.82182103,7.062521,90.23681640625,11.423904418945312,5.846273591236574,14.02557373046875
3853,2.420318841934204,1.1651539,1.9777825,531.17529296875,6.331401824951172,1.6204839540946985,3.7954330444335938
3854,3.40966534614563,0.5463979,2.7213573,89.89892578125,6.657009124755859,2.385341269721067,5.485435485839844
3855,1.8591382503509521,2.4237165,13.302792,338.1953125,20.762039184570312,10.14911137477927,25.11722183227539
3856,2.572065830230713,1.6816168,12.396262,488.072998046875,8.954854965209961,8.339262830822019,21.13605499267578
3857,3.993382692337036,0.62815136,1.2140636,293.1435546875,5.0251007080078125,0.037425270157992685,0.6558685302734375
3858,4.4346723556518555,0.55810106,2.9562886,413.66357421875,1.0753097534179688,3.197933992533386,6.6638336181640625
3859,3.1028852462768555,2.7539177,9.136015,182.987060546875,9.361797332763672,8.29623251406186,23.707298278808594
3860,3.6492083072662354,0.5720292,1.3381815,8.88427734375,5.7449188232421875,3.016460890833468,5.947845458984375
3861,2.6036975383758545,0.7110636,0.7967361,38.55126953125,11.802200317382812,0.17435311929465058,0.31089019775390625
3862,2.805657386779785,1.9972459,7.979936,26.655517578125,14.275039672851562,3.361691801681708,9.120109558105469
3863,4.224370002746582,0.52954775,2.5369277,668.7724609375,2.8132057189941406,5.531993514653617,12.980087280273438
3864,3.2314279079437256,0.8827844,2.3267267,261.1697998046875,3.0039596557617188,0.730801868336183,2.6136550903320312
3865,3.376885414123535,0.5327012,0.6458947,101.97900390625,6.984310150146484,2.826688629020296,3.5680618286132812
3866,3.2266342639923096,2.266897,9.107594,179.58984375,13.796897888183594,9.819167065001295,22.922279357910156
3867,3.64282488822937,1.1598753,6.889791,1178.1544189453125,1.4774169921875,5.8324753318512315,20.262603759765625
3868,3.8273305892944336,0.3007172,0.5111165,44.319580078125,5.209949493408203,0.008354314059154433,0.13561248779296875
3869,3.7099905014038086,0.7695225,1.8710297,333.320556640625,6.842197418212891,2.902771494438923,6.049171447753906
3870,2.1152665615081787,1.7955618,7.499509,67.091064453125,8.72137451171875,4.108113576768893,10.012969970703125
3871,3.4787092208862305,0.6493752,1.4825575,313.313720703125,5.212741851806641,0.8837687050630301,2.1693878173828125
3872,2.9853851795196533,0.7839267,5.4431977,342.33984375,9.45538330078125,8.696644528449944,22.0567626953125
3873,3.5509727001190186,1.1118132,6.40604,1093.533203125,7.545539855957031,6.116819647631285,19.010528564453125
3874,2.8845207691192627,0.40479943,0.9313073,74.839111328125,8.55364990234375,1.2521941906052696,1.5164413452148438
3875,1.1716290712356567,3.7122612,13.760862,225.656982421875,19.507061004638672,7.3236167260743095,20.338600158691406
3876,3.3616325855255127,1.2490542,6.2050724,280.8233642578125,4.465106964111328,4.215967454375399,11.092330932617188
3877,2.446525812149048,0.72291857,1.3150632,248.0673828125,9.773658752441406,0.5446312423982889,0.7322235107421875
3878,3.007291555404663,0.9347237,2.2472599,30.2392578125,2.2595367431640625,0.7117696790328552,1.7563323974609375
3879,3.1355690956115723,1.0878292,3.8190153,389.592041015625,14.359180450439453,4.622470604618435,11.862106323242188
3880,4.003841876983643,1.5316547,7.798321,1.560302734375,5.320796966552734,9.372997894359827,21.693557739257812
3881,4.116270542144775,0.5983221,1.5221188,59.3489990234375,0.8942298889160156,1.6607069812296587,1.0936508178710938
3882,3.6899025440216064,2.0329263,6.627718,92.590087890625,9.047832489013672,10.974750187023897,25.399826049804688
3883,3.2419464588165283,0.54689056,1.2663449,363.2529296875,12.707893371582031,1.018780552405758,2.7039718627929688
3884,4.533726692199707,0.76764244,4.943059,67.37060546875,1.9579391479492188,6.308160250401464,14.337440490722656
3885,3.721787929534912,0.3198203,2.026246,114.774169921875,3.0017929077148438,1.2518639741407789,3.6168441772460938
3886,4.077364921569824,1.0813241,5.350814,25.747314453125,1.2939300537109375,7.09317252293015,16.404815673828125
3887,3.8687689304351807,0.53450966,1.8710986,68.525634765625,5.204784393310547,6.7706521924498695,13.377967834472656
3888,3.9454774856567383,0.47584757,0.976514,40.308349609375,4.964881896972656,0.020800114678763748,0.4419708251953125
3889,4.5084052085876465,0.9109616,3.8731537,182.37841796875,2.614604949951172,3.971304980855006,8.761146545410156
3890,3.3406171798706055,1.8214445,4.931033,1229.9970703125,1.0500831604003906,2.9493714018119306,4.377861022949219
3891,2.9030344486236572,0.6512308,1.0990386,53.127685546875,9.126728057861328,0.46610921361939717,0.6177749633789062
3892,2.0581345558166504,1.177215,6.8018274,163.85009765625,4.066791534423828,5.268244090555701,11.475021362304688
3893,4.2466840744018555,0.6259908,1.6658192,90.05322265625,4.338359832763672,4.242811187402687,8.935813903808594
3894,2.1444618701934814,1.115796,1.9233489,79.979248046875,11.30401611328125,0.09653512940936082,0.3294219970703125
3895,1.5470954179763794,1.7509915,6.794388,109.2109375,14.770954132080078,3.7271024265894503,9.673179626464844
3896,3.684607744216919,0.58439237,3.2381732,24.954345703125,6.988128662109375,2.698709154569986,6.492408752441406
3897,1.5945806503295898,2.3141968,9.588639,7.1866455078125,5.8742828369140625,5.5259768903574376,13.220771789550781
3898,4.284648418426514,0.5792212,4.234638,355.061279296875,0.8728408813476562,4.459046791116382,11.174552917480469
3899,1.9782047271728516,0.6304658,3.8782141,278.8206787109375,14.22817611694336,5.171180374172927,14.062416076660156
3900,3.7796640396118164,1.271686,5.545128,1080.893310546875,3.5577430725097656,4.862204757446133,5.303497314453125
3901,3.0072178840637207,1.4221138,4.668557,1485.2230224609375,8.11923599243164,7.171884705724395,5.985870361328125
3902,2.4900755882263184,0.5280338,0.87625957,141.994873046875,11.126323699951172,2.994631053244966,5.944854736328125
3903,4.189809322357178,1.4068904,6.343872,46.547119140625,5.949596405029297,4.018433969960544,9.842132568359375
3904,1.347054123878479,2.796237,15.409298,258.62255859375,11.662731170654297,9.094289080969247,19.927574157714844
3905,2.8758187294006348,1.3209084,7.6735053,1185.638427734375,3.1573486328125,8.716464738075437,25.537918090820312
3906,2.7034494876861572,1.1426184,2.1151133,287.071044921875,10.047138214111328,0.22547620302458782,0.5309371948242188
3907,2.5520145893096924,0.7812433,8.512533,1170.2001953125,7.206905364990234,3.5794097812748404,13.260948181152344
3908,4.350828647613525,0.53088105,3.0995307,107.8953857421875,2.7503204345703125,1.157307539394882,2.4157638549804688
3909,3.8346810340881348,1.2085276,6.5566874,5.2825927734375,6.483707427978516,4.2534187210407275,9.586380004882812
3910,2.567552328109741,2.6261046,9.459162,162.88818359375,17.311973571777344,11.71307495359316,28.40618133544922
3911,2.5384762287139893,1.2154464,5.2618623,121.242431640625,8.26955795288086,1.895686523725491,5.645317077636719
3912,2.5859785079956055,1.2023708,7.343239,107.7510986328125,3.97308349609375,3.541380255402011,7.804069519042969
3913,2.4843335151672363,1.0464106,1.932842,96.017333984375,13.775409698486328,1.1442497978623578,1.3151931762695312
3914,4.603857517242432,0.53541356,3.4915357,6.62060546875,1.228912353515625,3.523062116497279,8.094223022460938
3915,3.4009172916412354,0.59576255,2.1562457,252.8450927734375,8.427009582519531,3.181028464190099,7.793739318847656
3916,3.677124261856079,0.84739906,4.341711,93.514404296875,9.20003890991211,4.318571009968082,8.820388793945312
3917,3.262491464614868,1.2471932,4.2961044,1094.005126953125,7.123737335205078,5.682181066934117,19.578506469726562
3918,1.0486643314361572,3.9400053,14.0500345,439.6806640625,11.622703552246094,5.4591079201102275,15.322246551513672
3919,4.0367279052734375,1.7570318,5.3047857,198.912841796875,3.7141494750976562,7.6637408840147,21.24762725830078
3920,3.1603007316589355,2.7816117,5.223292,83.99755859375,10.990360260009766,9.768133587694678,23.84735107421875
3921,3.977745771408081,0.929404,3.4450152,512.055419921875,14.203453063964844,8.597596198135886,22.328712463378906
3922,1.9105298519134521,0.87716293,2.6015146,230.07275390625,9.084796905517578,0.869445568862993,2.6815643310546875
3923,3.4940855503082275,0.31502357,0.9671526,56.3885498046875,6.39398193359375,0.09426594389222132,2.2820663452148438
3924,4.470302581787109,0.5441398,2.416908,51.42626953125,0.5469703674316406,1.1867390084663754,2.22882080078125
3925,3.8110289573669434,0.931884,2.141537,566.215576171875,8.647518157958984,4.574973794066182,10.3458251953125
3926,3.1270711421966553,1.0897311,7.6260757,375.8125,7.709442138671875,3.7453856511459094,10.170623779296875
3927,3.23150372505188,1.3245026,2.8649778,461.96240234375,2.5544776916503906,3.0242110409793703,6.278114318847656
3928,3.6853151321411133,0.60989565,2.513677,116.699951171875,7.860126495361328,1.1695415067312958,1.3128128051757812
3929,4.2330756187438965,0.7608908,2.384727,189.2110595703125,6.403923034667969,1.1773691382042024,2.40045166015625
3930,4.336474418640137,0.8273616,2.6531792,193.612060546875,2.697490692138672,3.6686505847438795,8.065727233886719
3931,3.5461692810058594,1.5429292,7.314759,9.93994140625,3.41607666015625,5.682184260830269,14.822547912597656
3932,3.807791233062744,0.5136905,1.6692003,41.0987548828125,0.48445892333984375,1.5485969736199294,3.1240310668945312
3933,4.046158313751221,0.37958074,0.98988307,206.631591796875,2.9529380798339844,0.2540604935659694,0.8145523071289062
3934,4.411617279052734,0.4341818,1.2370642,97.098876953125,2.7742462158203125,0.27978443979949574,0.41461944580078125
3935,3.9605720043182373,1.0138893,3.3762524,592.7447509765625,0.016407012939453125,1.578290524550404,1.4591522216796875
3936,3.708817720413208,0.6267789,5.736999,398.520751953125,0.173187255859375,5.394165499832145,14.109611511230469
3937,4.533899784088135,0.81846255,3.595407,75.5546875,2.928314208984375,2.996904888245659,7.287681579589844
3938,2.2638604640960693,1.0679073,3.2828765,154.1160888671875,6.179828643798828,0.9973890274697688,1.5410537719726562
3939,2.406827211380005,1.1685495,3.198238,1337.0576171875,2.8305931091308594,4.238485967677917,15.610282897949219
3940,4.545611381530762,0.28200272,1.2953433,179.864501953125,0.2959175109863281,2.446589494041369,6.093254089355469
3941,3.3172645568847656,1.21579,4.412271,326.24365234375,11.341484069824219,5.749218980945166,14.00201416015625
3942,4.076606273651123,0.3165296,1.5348126,89.77685546875,2.29296875,2.0846957265475297,5.1476593017578125
3943,3.665177345275879,1.4839301,7.56734,494.579833984375,15.742973327636719,8.239279469975177,24.034698486328125
3944,1.3192777633666992,2.3230622,9.345011,96.02783203125,10.492191314697266,2.636096192195641,10.760433197021484
3945,1.6088221073150635,2.2151797,8.34894,65.7015380859375,7.180278778076172,2.3713711784439084,6.910369873046875
3946,3.431499481201172,0.58365536,3.5983565,77.873046875,4.910469055175781,3.486090181106036,8.467109680175781
3947,3.3043017387390137,0.7757198,1.5126281,273.335205078125,16.546653747558594,3.971455645455194,4.874839782714844
3948,3.5160481929779053,0.8990883,5.097565,342.5762939453125,2.1510543823242188,1.0443422076435596,0.8614044189453125
3949,3.0639302730560303,0.5666368,2.0814533,116.26806640625,5.693820953369141,0.6326403966960648,2.1875839233398438
3950,3.8860573768615723,0.5915768,2.1368783,4.043212890625,0.7194480895996094,1.4923034940300113,3.7519989013671875
3951,4.279935836791992,1.0522879,4.0108337,25.726318359375,4.861000061035156,7.49161332313432,18.84654998779297
3952,3.3074862957000732,0.9460027,1.9056472,260.117431640625,6.055088043212891,0.43583825347037575,1.3584823608398438
3953,2.0195820331573486,0.813173,2.7344494,56.1903076171875,3.189891815185547,1.3826174419853494,3.166748046875
3954,2.9382221698760986,0.65731096,0.89292586,103.989501953125,13.523555755615234,1.94318076557429,2.95440673828125
3955,4.227840900421143,0.8484234,4.0499754,139.7373046875,2.1347732543945312,6.889927814226592,15.680160522460938
3956,3.0846774578094482,1.6948586,8.494024,154.485595703125,4.907917022705078,10.681698873421812,25.150840759277344
3957,3.608363628387451,1.7396857,5.033103,257.7353515625,1.8352508544921875,9.214715025995236,21.611305236816406
3958,4.024344444274902,0.9969364,2.5226636,96.58447265625,5.104278564453125,2.8665595746887504,7.2693939208984375
3959,4.042238712310791,1.4735113,2.2560081,348.015380859375,10.403804779052734,5.396150481536104,13.418327331542969
3960,4.58050012588501,0.7309378,4.362293,68.657958984375,1.1905670166015625,4.1889137610275,11.595252990722656
3961,4.354650020599365,0.64992094,3.443453,110.96728515625,1.7535629272460938,7.73610837729262,17.407608032226562
3962,3.268038749694824,0.5035331,1.7399185,2.283203125,4.3445281982421875,4.8731610661220195,10.738082885742188
3963,3.8694374561309814,0.78646964,2.1435525,163.704345703125,7.816253662109375,2.097136193122328,4.948356628417969
3964,3.673524856567383,0.6467156,1.4281522,66.7867431640625,3.3137435913085938,1.3378584903637503,3.348968505859375
3965,1.2248185873031616,3.6108513,16.3108,20.100341796875,14.07730484008789,6.382079234060139,21.807632446289062
3966,4.174224376678467,0.55993915,2.5801497,1.7587890625,3.090564727783203,2.643554599010688,6.283500671386719
3967,3.3057689666748047,1.2353532,2.8672905,436.537109375,9.281913757324219,2.091527514812576,4.7864990234375
3968,4.017874240875244,0.28871608,0.56296676,59.529296875,0.7662239074707031,0.17327623023348693,0.6416397094726562
3969,4.215544700622559,1.1764832,2.901881,347.635986328125,4.392520904541016,6.352274847433041,14.556564331054688
3970,2.96152925491333,0.94034743,1.5971487,282.80517578125,8.06088638305664,0.20486455311096918,0.0427093505859375
3971,4.407407283782959,0.49536586,1.5864892,241.484375,4.3672637939453125,2.4174011658844137,4.5524444580078125
3972,4.255734920501709,0.9756867,3.366643,589.336669921875,1.9845848083496094,4.559823091443704,11.402198791503906
3973,3.889763355255127,0.7274103,1.7042828,266.346923828125,2.2111167907714844,1.2098155038047764,2.2503433227539062
3974,2.50294828414917,1.3045791,2.8978372,272.826416015625,4.886390686035156,3.5639713674067472,5.656974792480469
3975,4.304946422576904,0.7874194,2.1763122,403.118408203125,2.346202850341797,3.9498003048544597,9.077125549316406
3976,4.4269208908081055,1.1514546,6.5721273,1.957275390625,1.4664840698242188,5.0220695547085015,11.772369384765625
3977,1.2183433771133423,3.9107049,14.321693,75.58837890625,15.962226867675781,12.940583166652065,32.63386535644531
3978,3.794644355773926,1.5876431,6.0992656,393.092041015625,6.204196929931641,6.035816768811657,14.500480651855469
3979,3.6736724376678467,0.8509353,1.434396,210.132568359375,3.0784072875976562,0.19062316479777053,0.26627349853515625
3980,4.0956621170043945,0.91439676,1.3905394,485.348876953125,5.227756500244141,0.4561680832478423,0.900482177734375
3981,3.7673161029815674,0.54904723,0.70026433,201.49365234375,4.288249969482422,4.562432254273382,9.007926940917969
3982,2.539463996887207,0.47001734,4.367825,102.807861328125,1.4831504821777344,3.240527478931085,6.859016418457031
3983,3.343937873840332,0.86447924,2.2669888,225.4248046875,14.431201934814453,3.7663395386991887,9.872787475585938
3984,4.1846137046813965,0.39719436,2.1139898,44.3912353515625,8.7012939453125,0.7698212423606563,0.7642135620117188
3985,3.029203414916992,1.3285388,3.2811093,1208.12890625,5.8316497802734375,7.071648664613356,8.810356140136719
3986,3.9005284309387207,0.43280944,1.0436274,163.2470703125,6.383556365966797,0.2893095009258104,0.27852630615234375
3987,3.539541721343994,0.5358524,3.5716867,197.957275390625,6.371681213378906,1.1745421845766124,3.1712417602539062
3988,2.8534841537475586,0.37377635,1.1285822,85.744140625,10.125625610351562,2.7240782273100805,5.244194030761719
3989,3.7013049125671387,0.3907918,0.9455576,75.18896484375,5.987579345703125,2.6804581850601075,5.7027740478515625
3990,1.2541701793670654,2.7837677,10.887534,105.006103515625,14.913745880126953,4.479742347229518,12.61600112915039
3991,3.7555480003356934,0.67227525,1.8019501,191.837646484375,8.03329086303711,2.6652084933966336,8.679550170898438
3992,2.684256076812744,1.1283697,2.7918193,443.541015625,9.849227905273438,1.920310535319345,4.0752410888671875
3993,2.6992571353912354,0.76105285,2.4787161,178.552978515625,15.162734985351562,2.321469569768535,6.78851318359375
3994,2.6257236003875732,1.3077056,8.849297,846.535400390625,7.646881103515625,4.872200002079833,15.667617797851562
3995,3.5096564292907715,1.3582816,5.161257,67.19921875,12.775951385498047,8.769142355542552,20.105117797851562
3996,4.068103313446045,0.4483689,2.3546214,391.79345703125,2.0370140075683594,3.5199619304364127,8.922592163085938
3997,3.252419948577881,1.8638841,7.7176704,229.7353515625,8.856231689453125,9.371641374374459,22.826904296875
3998,4.418822288513184,0.5182705,3.1925044,232.819091796875,0.22156524658203125,2.6678003392662184,5.641670227050781
3999,2.9187638759613037,2.5394905,13.190997,633.28173828125,11.381973266601562,9.588549685410733,23.430274963378906
4000,3.0219428539276123,0.90122813,1.916332,48.5732421875,7.849117279052734,0.7558191990581662,0.1673126220703125
4001,1.9689075946807861,0.7984905,3.13564,175.2811279296875,0.48360443115234375,0.7255028231412943,2.2534561157226562
4002,3.6331028938293457,0.53401595,1.0684718,157.0302734375,11.976818084716797,4.149868978726033,8.758903503417969
4003,4.251186847686768,1.2497739,2.547409,94.928466796875,1.3693504333496094,7.670160302813532,18.99616241455078
4004,2.35227108001709,2.5387897,10.050281,331.7445068359375,7.1605072021484375,5.654826399824291,14.09991455078125
4005,3.743852138519287,0.547129,2.8391438,407.30322265625,6.289394378662109,1.970265824134266,5.234245300292969
4006,1.1271989345550537,3.36808,12.187618,247.0443115234375,7.911346435546875,5.2297167505942,15.391887664794922
4007,2.9481546878814697,0.70327425,0.7850395,134.106201171875,4.209007263183594,1.945253694507425,4.106964111328125
4008,3.8964474201202393,0.43423235,1.8462917,147.326416015625,5.721508026123047,4.285589715002377,8.800437927246094
4009,3.645101308822632,0.91268176,2.0552316,829.550048828125,1.1732635498046875,4.115953711978751,7.9179534912109375
4010,1.8711998462677002,2.8434012,10.160882,229.65234375,22.007442474365234,8.611802548464834,21.109817504882812
4011,2.242152214050293,1.380467,7.9730854,285.69091796875,17.19332504272461,5.423257002790891,14.259529113769531
4012,4.373737335205078,1.2469468,5.581097,426.086669921875,9.22330093383789,4.153894576328842,13.663650512695312
4013,3.5540597438812256,1.2277895,4.268511,253.64453125,1.2691268920898438,5.552072359800022,13.760612487792969
4014,4.312393665313721,0.758406,1.6968876,45.724853515625,6.642650604248047,3.2798842830315316,8.542739868164062
4015,1.2538577318191528,2.345246,12.723492,98.045166015625,9.522546768188477,5.181435613959852,13.417854309082031
4016,2.557044506072998,2.8673077,16.377098,68.939208984375,11.121650695800781,9.02219954166262,24.224197387695312
4017,3.7746734619140625,0.4898769,1.2832749,246.500244140625,12.56243896484375,1.6897761154570965,3.8057022094726562
4018,3.9136288166046143,0.45044887,2.4287553,51.302490234375,4.941658020019531,1.3758398729386592,3.23052978515625
4019,2.6269493103027344,0.9153089,2.1588035,470.919189453125,7.245658874511719,0.5476790397857947,0.04286956787109375
4020,3.692467451095581,1.2600042,7.8271,1119.935546875,5.228176116943359,5.030232397162035,16.52911376953125
4021,2.5173799991607666,0.76434726,1.9187021,38.5050048828125,4.928272247314453,0.13012663256528612,0.49562835693359375
4022,2.5567193031311035,1.3254094,7.304071,1346.03759765625,4.690250396728516,1.9296812641348708,11.198707580566406
4023,3.536902666091919,0.4855524,2.1915412,78.575439453125,1.7124137878417969,0.6488640348902663,1.376922607421875
4024,3.122105598449707,0.33925402,2.6907258,75.6463623046875,5.313137054443359,1.9415910120095994,4.681587219238281
4025,3.595090866088867,1.0150107,2.1180258,452.498046875,9.595809936523438,2.3336607374607254,4.165557861328125
4026,4.320502281188965,0.3776519,0.7772852,114.61181640625,1.9435577392578125,1.6575854168976818,3.4627761840820312
4027,3.4583706855773926,0.5143381,2.0297377,616.46142578125,1.335906982421875,5.408211084755649,14.529685974121094
4028,1.8751487731933594,2.9469242,11.240606,637.68798828125,8.199771881103516,4.651070781629809,11.81673812866211
4029,4.379697799682617,1.325596,7.3863344,84.293701171875,2.529956817626953,7.005036915462195,17.29912567138672
4030,3.5883138179779053,0.39577365,0.58526003,46.61279296875,6.162117004394531,2.4618443385220594,4.782501220703125
4031,4.564036846160889,0.28071406,1.2479008,149.7340087890625,2.459423065185547,1.6631056467676189,3.8749008178710938
4032,1.701871395111084,1.2943896,5.4161854,0.74365234375,6.592338562011719,0.35129060990096406,2.4435348510742188
4033,4.295968532562256,1.3761388,5.5602574,1241.3856201171875,9.106990814208984,10.784024264801396,33.07164764404297
4034,4.416663646697998,1.2069305,6.0179563,714.4827880859375,5.651817321777344,2.8557845141722105,11.089736938476562
4035,3.8535287380218506,0.81050634,5.025416,186.96484375,0.021514892578125,5.609420846000777,11.785316467285156
4036,4.504879951477051,0.3859299,3.0721273,194.67236328125,1.0010147094726562,4.885953643354899,11.926528930664062
4037,4.110866546630859,0.38490066,1.685755,416.1240234375,2.378265380859375,2.0801810109815264,6.4075469970703125
4038,4.298537731170654,0.3181473,1.7046888,167.633544921875,2.285015106201172,1.0239640031308177,1.6619796752929688
4039,1.5059895515441895,2.1654212,8.862122,20.1361083984375,11.861618041992188,5.15351172725833,12.910018920898438
4040,3.8653643131256104,1.0576116,2.919313,187.238037109375,3.3180503845214844,1.2665758913809384,4.873786926269531
4041,4.112910270690918,0.77919525,2.7878792,229.07861328125,3.8145408630371094,1.146500206723811,2.45257568359375
4042,3.4924848079681396,0.8459093,1.3151956,16.079345703125,10.444374084472656,1.241972706570813,0.00020599365234375
4043,1.72916841506958,1.6201673,7.24252,255.5201416015625,9.051403045654297,3.426885699959225,9.297904968261719
4044,4.248280048370361,0.863933,5.6786423,25.362548828125,1.1488113403320312,8.185052980061347,18.741226196289062
4045,4.131821632385254,0.7036672,1.9037682,229.977783203125,2.525623321533203,1.762514119503198,3.4893951416015625
4046,2.7394585609436035,1.2256011,6.275734,58.22998046875,10.826423645019531,7.374836233011781,16.87657928466797
4047,3.0475025177001953,0.64743525,1.7928,69.04443359375,6.311576843261719,2.121468870957841,5.656288146972656
4048,3.7673680782318115,0.736727,1.187402,156.89794921875,3.755603790283203,0.07914621761270269,1.4010543823242188
4049,2.791740655899048,0.8518649,1.550484,99.27197265625,14.35671615600586,1.2751331604065612,0.8084716796875
4050,3.2495503425598145,0.88217276,1.5283821,87.929931640625,9.952632904052734,1.313189312235231,0.7144699096679688
4051,2.134988307952881,1.4798651,3.0236404,188.608154296875,14.67498779296875,0.11199137362606848,2.7031326293945312
4052,4.278348922729492,0.7130769,2.2647157,89.804443359375,7.594142913818359,5.590252374594865,13.285163879394531
4053,4.262547969818115,0.5965007,2.724828,94.693115234375,6.568927764892578,2.120328338788422,3.5626907348632812
4054,4.333930492401123,0.26211295,0.74148357,87.70751953125,1.2793769836425781,0.6133634015967964,1.1571426391601562
4055,3.4253385066986084,1.3667544,7.622003,793.11865234375,2.1464805603027344,7.353677332157115,21.561317443847656
4056,4.485438823699951,0.94648093,4.5250382,17.222900390625,0.5995521545410156,7.650117596818806,17.72864532470703
4057,3.913762092590332,0.49401984,1.3569466,346.358642578125,3.3636474609375,0.5590283661595805,1.4878463745117188
4058,1.7598445415496826,2.4243562,10.933974,68.478271484375,14.678520202636719,4.120303380852803,11.467124938964844
4059,3.321377754211426,1.4584194,4.9049873,192.534912109375,5.5465240478515625,3.571684861395873,7.249542236328125
4060,3.878990411758423,0.6739526,1.7928916,176.7705078125,3.7936477661132812,1.5002764903802408,3.0967559814453125
4061,4.372535228729248,1.2621416,3.7963715,1204.0772705078125,8.57059097290039,1.6264912249405725,11.44500732421875
4062,1.7695603370666504,2.8913567,12.158466,115.648193359375,10.695415496826172,6.832399275055561,18.877708435058594
4063,3.681499481201172,0.8444446,4.273591,50.0478515625,4.7009429931640625,5.177572306443004,11.755882263183594
4064,3.7524242401123047,1.1754435,7.139838,1297.887451171875,5.5865936279296875,6.161410387670642,21.490768432617188
4065,3.1084539890289307,0.64780873,0.9182617,376.86767578125,9.640342712402344,2.5498170104699085,5.155296325683594
4066,2.8794851303100586,2.0928125,12.647598,54.25146484375,7.044090270996094,8.145029020565659,21.589279174804688
4067,1.8160557746887207,2.2258627,8.010488,168.66357421875,12.500774383544922,7.20808808390338,16.787704467773438
4068,3.6010708808898926,1.76956,6.78698,86.083251953125,8.44338607788086,4.22530742516788,11.425346374511719
4069,3.026149034500122,2.0140088,3.983151,315.020263671875,10.445743560791016,9.66747482598046,22.04973602294922
4070,3.0739517211914062,1.2012389,3.2020533,145.6639404296875,5.087711334228516,1.5261885141290321,4.0716705322265625
4071,3.6294398307800293,0.3271536,1.4394184,33.14453125,3.7970619201660156,3.9733637930220382,8.186958312988281
4072,4.426386833190918,0.627371,3.0670466,118.542724609375,2.253368377685547,1.026770122754595,2.6009521484375
4073,4.348921298980713,0.3779908,1.0961614,77.266845703125,0.9564590454101562,0.28665502810913424,0.6083984375
4074,3.327199935913086,1.3639898,4.6101475,332.355224609375,5.537464141845703,5.965970914946073,13.766822814941406
4075,3.5641138553619385,0.60882866,1.9962561,10.47802734375,4.192668914794922,4.085729090149233,10.445297241210938
4076,3.8915650844573975,0.8625261,2.2383435,314.017578125,0.462646484375,3.002254030229956,5.778205871582031
4077,4.502719879150391,0.55324686,1.6110882,75.573974609375,1.6948204040527344,0.3727559661463644,0.7010955810546875
4078,3.897522211074829,1.0960795,9.2398205,1397.618896484375,4.302543640136719,7.065887085235719,19.887619018554688
4079,2.6124045848846436,1.243059,4.461598,1053.375244140625,2.2773704528808594,1.0189780091242504,8.88311767578125
4080,4.324711799621582,0.22906697,1.0139776,2.2132568359375,2.1988754272460938,0.6844957814291952,1.5956497192382812
4081,1.0605448484420776,4.1412625,18.9029,150.470458984375,20.09136199951172,6.914963707905137,19.556922912597656
4082,2.505145788192749,2.5012515,10.694313,142.1796875,9.327960968017578,6.782226366861739,17.590972900390625
4083,3.1984963417053223,1.9516176,3.3693576,342.55859375,10.07073974609375,2.503089548284912,7.009368896484375
4084,2.921513319015503,1.1817003,7.6138067,1399.8470458984375,2.224365234375,7.383170361012041,23.736541748046875
4085,4.439648151397705,0.8681374,5.367628,39.547607421875,3.2500648498535156,7.236677603335323,16.60688018798828
4086,4.313249588012695,0.69627523,2.4142227,247.2081298828125,2.235515594482422,2.6789199094496503,4.306968688964844
4087,3.0148589611053467,0.42798463,0.61298126,128.937744140625,4.33197021484375,2.6991145196910438,5.36346435546875
4088,4.171161651611328,0.67419696,2.6117265,193.4127197265625,1.0743179321289062,0.18700988130570195,1.5959548950195312
4089,4.5008440017700195,1.0705794,3.5348535,185.193359375,2.1611099243164062,2.7746421608436123,6.466300964355469
4090,2.077075242996216,0.7717225,6.1231165,25.3587646484375,1.8779220581054688,1.3268949515283595,3.0585861206054688
4091,4.347315311431885,0.43837583,2.210694,231.0682373046875,5.483325958251953,4.917906797686324,11.613372802734375
4092,4.14376974105835,0.50109553,2.5080273,253.1474609375,0.8141670227050781,3.9995366453452093,8.484832763671875
4093,3.0934176445007324,1.5353446,7.8525786,39.57080078125,2.5370140075683594,7.820650999975367,18.42920684814453
4094,4.065361499786377,0.6571852,3.7470565,172.1990966796875,4.188194274902344,3.9486301582086156,10.245086669921875
4095,2.3931334018707275,1.0637751,1.8445277,286.558837890625,19.724899291992188,2.136812226466212,4.553489685058594
4096,3.8762378692626953,0.42814752,1.1335695,122.335205078125,9.31512451171875,2.6089120668338133,5.2985076904296875
4097,1.1210566759109497,3.5314465,9.578386,252.512939453125,16.239154815673828,10.233628696888779,25.504100799560547
4098,1.9527878761291504,1.705063,6.4581428,24.2022705078125,11.66128921508789,5.734648125449201,13.679641723632812
4099,3.0094594955444336,1.0884185,5.4441123,92.0469970703125,1.6236495971679688,1.8297252831637287,4.842781066894531
4100,3.747865915298462,1.2285208,7.7338333,1365.7799072265625,6.6895904541015625,6.504078882594122,21.409820556640625
4101,3.152686834335327,1.2060051,6.2619853,290.112060546875,7.6077880859375,4.337837808462435,8.651481628417969
4102,3.3270068168640137,1.3223404,7.0791583,134.651123046875,9.874626159667969,7.176087040442219,16.845718383789062
4103,3.222744941711426,1.1483,4.5012884,1445.3350830078125,0.7016372680664062,6.62079493579234,20.41657257080078
4104,4.4179558753967285,0.31687653,2.2522516,252.964111328125,3.9421539306640625,3.2518406854650017,7.768913269042969
4105,3.403618097305298,0.7885847,1.6395576,252.317138671875,10.06045150756836,1.502566123895253,1.4885711669921875
4106,3.49668288230896,0.8517054,4.204379,38.3636474609375,1.5881614685058594,4.975102923824686,11.6029052734375
4107,2.324805498123169,0.96739435,3.6684055,411.08056640625,6.188396453857422,3.023187072236599,8.155746459960938
4108,1.3093452453613281,2.839083,14.317638,335.9771728515625,11.86660385131836,5.471301724191328,13.811573028564453
4109,3.6292190551757812,0.5763636,0.99481356,349.735595703125,4.554798126220703,1.3222163146224233,2.3526535034179688
4110,4.131674766540527,1.2175034,7.162228,1396.8231201171875,9.492511749267578,9.488511359485788,26.860244750976562
4111,1.4355978965759277,3.1456413,15.7714815,91.50048828125,25.56523895263672,9.515046926323976,25.351810455322266
4112,3.9864354133605957,0.5182462,2.0421162,9.9329833984375,4.59320068359375,2.0437393508175177,4.895210266113281
4113,3.9746651649475098,0.7584923,2.395152,357.44921875,2.989032745361328,2.9479414646442095,4.933891296386719
4114,3.6169345378875732,1.2123674,9.815781,1288.7528076171875,2.882495880126953,4.622319900838026,16.079795837402344
4115,3.699971914291382,0.6284341,3.231362,394.52783203125,4.805545806884766,2.880442190447752,7.495201110839844
4116,3.8372802734375,0.4799126,1.1253102,325.31787109375,2.7800331115722656,2.0714523026633884,5.2131500244140625
4117,3.390789031982422,1.2147162,4.108865,422.9111328125,6.049774169921875,0.7661457041569832,1.34405517578125
4118,4.188257217407227,0.904815,4.6644006,108.393798828125,0.25258636474609375,2.7004629936012137,5.87835693359375
4119,3.421921491622925,0.6203322,1.744952,36.40380859375,9.690784454345703,2.451634388875405,4.9282684326171875
4120,3.149996519088745,1.6880685,8.195835,355.086181640625,10.701957702636719,1.0662739107549015,2.9684791564941406
4121,2.9430899620056152,1.1641321,1.5706038,411.496337890625,6.087196350097656,6.131234363484619,10.427253723144531
4122,4.20847225189209,0.5787936,3.4547415,73.9300537109375,1.1230201721191406,2.8320378472637984,5.58441162109375
4123,3.839167594909668,0.40847704,1.340896,246.386474609375,5.4341278076171875,0.9266239020171767,3.0587081909179688
4124,3.786693572998047,1.1829733,9.113507,1258.901123046875,7.5128326416015625,6.963667912112854,21.92071533203125
4125,3.2839813232421875,0.40068936,2.871469,111.5997314453125,6.963706970214844,3.564107716695215,7.6827239990234375
4126,3.705833911895752,1.2769463,5.569571,110.895263671875,4.5913848876953125,4.241396365283883,11.72802734375
4127,3.8730814456939697,0.5897542,2.3878305,33.744384765625,2.2939300537109375,3.5528598653255052,9.055374145507812
4128,4.363785743713379,0.34166405,1.4630442,87.4808349609375,0.964813232421875,0.648606809526374,1.7841644287109375
4129,3.6441667079925537,1.5228842,7.1511655,153.83935546875,7.556617736816406,2.170623014865104,5.693016052246094
4130,4.569712162017822,0.23420529,0.87143767,75.794189453125,2.4903793334960938,0.38562355428893724,1.0263748168945312
4131,1.0757006406784058,4.183619,13.1604805,58.190673828125,11.85849380493164,3.1177034912617643,12.281463623046875
4132,4.166604042053223,0.48027778,1.364389,166.302734375,8.42886734008789,1.1534713829324197,4.847404479980469
4133,3.3428235054016113,0.9427809,1.7236501,169.701904296875,11.087322235107422,0.05874780015204806,0.4853363037109375
4134,4.310681343078613,0.6846132,3.6314855,164.721923828125,2.211700439453125,4.954147113534116,12.135238647460938
4135,3.911327838897705,0.820329,4.534949,311.2069091796875,1.3242721557617188,3.386477319904845,6.8214111328125
4136,4.040037155151367,0.48261324,2.9617,116.432861328125,2.0352516174316406,0.8592805881721048,0.8804092407226562
4137,3.8612639904022217,0.9460928,2.9091306,73.97998046875,0.6367225646972656,0.6285145783119042,0.063568115234375
4138,3.5050275325775146,0.23479645,0.9767157,41.20361328125,1.4932594299316406,1.5638214694117991,3.7843093872070312
4139,2.79811429977417,0.60023814,0.68888587,35.59521484375,3.571277618408203,0.8588116360033098,1.80426025390625
4140,4.201490879058838,1.1075813,6.319314,642.1195068359375,9.97360610961914,1.5876398565608305,9.077606201171875
4141,3.251434564590454,0.8588762,3.641249,351.5198974609375,8.693256378173828,4.449496390481368,9.316429138183594
4142,3.8188679218292236,0.23437385,1.4996879,99.3375244140625,4.293788909912109,0.038100323552683335,1.2906417846679688
4143,3.8574442863464355,1.4004064,7.3529997,128.841552734375,11.94614028930664,5.303335471088779,12.938667297363281
4144,4.46311092376709,0.74806195,4.197269,226.6717529296875,1.2184371948242188,1.4447015473955922,3.475555419921875
4145,4.494390964508057,0.46929777,1.9416453,58.78076171875,0.6535110473632812,4.3431103787080545,9.859115600585938
4146,3.934255599975586,0.43338442,1.2684307,40.5821533203125,4.55816650390625,2.337372196055174,5.923744201660156
4147,4.086646556854248,1.1445493,4.5299296,229.39306640625,1.5586509704589844,5.126004353716027,12.352523803710938
4148,1.3060593605041504,2.5323613,9.6170435,288.8466796875,7.947502136230469,2.2353724481226536,5.522132873535156
4149,3.58601975440979,1.5505009,4.7410536,223.8228759765625,6.234546661376953,4.011358301971011,11.116859436035156
4150,4.063632965087891,1.0618244,2.900856,69.711181640625,4.212226867675781,3.7126008704378357,10.646133422851562
4151,3.3695144653320312,2.0242891,6.1679516,359.132080078125,5.253948211669922,6.0054442944402915,14.408554077148438
4152,1.3508460521697998,2.9436772,12.808798,62.440185546875,8.413318634033203,3.689872571338231,11.926544189453125
4153,2.4097163677215576,1.3040744,6.3355117,11.7335205078125,6.42877197265625,4.9357554543397875,12.291313171386719
4154,4.159840106964111,0.66430897,1.60893,28.7960205078125,0.1731414794921875,1.4400959918963707,4.1299285888671875
4155,3.2213783264160156,1.106373,3.8305228,1193.000244140625,4.957420349121094,0.5976273063265438,5.3980712890625
4156,3.975588798522949,0.5398214,1.1153626,195.185302734375,2.016651153564453,1.1964769630457859,2.1891021728515625
4157,3.8152236938476562,0.57077336,2.2021172,72.0257568359375,4.2809600830078125,1.2545098236521817,2.6754989624023438
4158,4.183066368103027,1.180399,7.0303335,1248.7193603515625,5.003429412841797,4.920658204571801,16.66643524169922
4159,2.5576536655426025,0.61430186,3.6784182,599.791748046875,11.465503692626953,7.695212204197112,14.799064636230469
4160,3.5962507724761963,0.8588414,3.6202037,248.0758056640625,3.7727584838867188,2.346777321538905,2.9922332763671875
4161,4.150875568389893,0.6140644,2.6798337,42.58203125,2.3804931640625,3.8030372766332903,9.405838012695312
4162,4.351765155792236,1.264758,7.0282125,235.545654296875,1.1299858093261719,6.5340274394236815,16.43280029296875
4163,3.5484049320220947,0.92066985,2.0262136,798.991943359375,2.456409454345703,0.13183272123691125,0.7298812866210938
4164,4.462009906768799,0.21576507,3.0554698,137.1663818359375,5.131481170654297,1.5856290532144541,3.3792495727539062
4165,1.8123364448547363,1.3240355,7.0941205,472.1396484375,12.919410705566406,3.509391847168839,10.832901000976562
4166,3.3987088203430176,0.36455134,0.65028214,93.849365234375,7.2639312744140625,2.399427518682181,4.025962829589844
4167,3.5732944011688232,0.48441783,1.6399041,335.835205078125,2.265575408935547,7.399569132211791,14.9359130859375
4168,3.380798816680908,0.49776068,1.9410766,12.4200439453125,4.250274658203125,1.512701361202346,3.5880966186523438
4169,3.799710512161255,0.23665798,0.98458755,6.5638427734375,4.830810546875,1.8203367789509883,4.010444641113281
4170,2.9372222423553467,0.73963547,3.9537842,204.126953125,4.527366638183594,3.7015881953324907,8.941627502441406
4171,2.187899589538574,1.8031257,7.244759,441.896728515625,3.4123077392578125,4.972344355373366,10.369438171386719
4172,4.254611968994141,0.31666693,2.4462714,450.0589599609375,7.85418701171875,0.21351221910242302,3.5348739624023438
4173,3.856520891189575,0.4124179,1.2347753,23.386962890625,2.353565216064453,1.6779284667254473,5.738121032714844
4174,4.145833492279053,0.64256305,3.9950964,50.456787109375,5.925636291503906,4.608579378514925,11.078887939453125
4175,2.948512554168701,1.1431832,5.7727757,1130.10302734375,6.226932525634766,6.0099295832641815,19.68499755859375
4176,3.7359619140625,1.0886165,6.763607,1613.489013671875,2.08172607421875,3.0294737221522183,14.677192687988281
4177,3.3219940662384033,1.2107838,9.055266,1241.119873046875,0.026760101318359375,4.695541706249603,16.91197967529297
4178,3.931586742401123,0.6484118,3.9090695,580.926513671875,1.2676353454589844,5.19076919229132,12.358345031738281
4179,4.065511703491211,0.2230053,2.5631752,153.6151123046875,3.3470077514648438,0.11074624734763816,3.1388702392578125
4180,3.84338641166687,0.5613441,3.7085218,148.30615234375,1.4725418090820312,5.20068233697404,11.590225219726562
4181,3.8251776695251465,1.1235982,5.012241,1441.8131103515625,6.286064147949219,7.922806901469222,23.43341827392578
4182,4.1825947761535645,0.9093382,3.577347,169.231201171875,3.7533340454101562,4.71463077288519,10.750534057617188
4183,4.2140984535217285,0.5833351,1.3403643,222.045166015625,1.0290908813476562,0.945098333190689,2.9200363159179688
4184,4.496026992797852,0.10786893,0.7728748,33.998046875,2.051410675048828,0.8025677667671651,1.7245864868164062
4185,3.305203914642334,1.4327313,4.761353,98.215576171875,11.24117660522461,2.355807808861428,6.254463195800781
4186,3.6848814487457275,1.6508265,3.3490725,567.671630859375,6.432853698730469,0.14930443161370732,2.7045364379882812
4187,2.6949846744537354,0.61297154,1.7528647,35.578125,4.827602386474609,1.2380510269507603,3.518829345703125
4188,4.016279220581055,0.41136292,2.323813,75.760986328125,1.642852783203125,2.9317447607781943,7.2598114013671875
4189,3.8593366146087646,1.5807018,6.8343163,61.2392578125,3.587451934814453,7.0272591436337954,16.853965759277344
4190,3.4374775886535645,0.9030986,1.7299054,812.150634765625,1.2632522583007812,0.43594048572616373,6.85223388671875
4191,1.1013609170913696,3.7169201,17.544056,66.87060546875,14.17086410522461,10.772805113085642,29.063617706298828
4192,3.532100200653076,1.1392269,3.0083685,868.030029296875,4.191337585449219,4.284332046078401,10.161727905273438
4193,3.3640880584716797,0.7533868,1.6734076,336.669921875,8.952011108398438,3.550708120370828,7.471031188964844
4194,3.130295515060425,1.4605402,6.03248,276.171875,2.7010650634765625,7.654786628819533,16.636383056640625
4195,2.6843788623809814,0.47931847,4.7334576,337.248291015625,10.57779312133789,4.860569379781463,12.4329833984375
4196,3.682025194168091,0.50687593,0.6341147,35.101318359375,11.262042999267578,1.3023045240884947,2.1120681762695312
4197,4.244605541229248,0.3222188,1.3138984,271.137939453125,1.0421371459960938,0.2889115684019714,1.9672622680664062
4198,3.6032943725585938,0.795002,1.3151672,14.30029296875,7.362632751464844,2.081856941076005,4.948631286621094
4199,1.4470683336257935,2.6951835,12.373934,210.749755859375,20.252805709838867,7.0388244150785475,21.063087463378906
4200,3.9524099826812744,0.9443982,3.3191748,148.7972412109375,1.3672943115234375,5.392460438273698,11.643257141113281
4201,3.2240936756134033,1.9998356,7.4230566,421.57421875,4.8673858642578125,7.710642525480207,18.521881103515625
4202,3.9964773654937744,2.1302683,8.900946,290.602294921875,0.23484039306640625,8.915304909260037,22.458709716796875
4203,4.292659282684326,1.1269659,5.6901984,85.358154296875,0.4253997802734375,8.33397540537802,19.34734344482422
4204,4.014051914215088,1.3584248,5.8893113,368.4248046875,6.896537780761719,8.294713329453788,20.45934295654297
4205,2.215501546859741,1.3616127,2.9702954,488.517578125,9.024993896484375,1.8791643357069496,3.4774856567382812
4206,3.685962438583374,1.0811212,7.8504767,880.491455078125,0.2256317138671875,0.9578732304065447,3.6279144287109375
4207,3.4833145141601562,1.2689036,5.8367043,1357.48193359375,1.759033203125,5.306545553608263,19.37433624267578
4208,4.066408634185791,0.40692282,1.4622244,232.661376953125,5.754070281982422,0.6706046875440457,2.298736572265625
4209,3.154531240463257,0.9306752,5.3907413,191.7894287109375,3.651416778564453,3.3533043663403745,7.6990203857421875
4210,4.16376256942749,0.82441264,2.1609702,513.14208984375,9.268611907958984,3.254864116437595,7.617919921875
4211,2.8286795616149902,1.0482653,3.0094638,646.03271484375,4.865852355957031,0.3615868667247675,1.7276535034179688
4212,4.420806884765625,0.97314453,5.1385117,13.9619140625,2.833087921142578,1.3166804726895833,8.166290283203125
4213,2.1790177822113037,1.4323133,10.007292,51.237548828125,5.044231414794922,0.609506270671595,0.8186111450195312
4214,3.6658315658569336,0.6564179,2.4401007,156.56396484375,4.59417724609375,4.716511541138466,10.142936706542969
4215,3.6025002002716064,0.443226,2.2656355,161.4541015625,6.600372314453125,5.246465581763211,11.6749267578125
4216,3.6241588592529297,0.66740555,2.9011521,390.01953125,8.564228057861328,0.4878093500147678,0.9488296508789062
4217,3.685279130935669,0.43461576,1.0570288,43.24658203125,8.5546875,4.561855711193644,10.659858703613281
4218,3.4890329837799072,0.52014583,3.097191,54.937744140625,7.600349426269531,4.1766506088383935,9.693099975585938
4219,3.042158365249634,1.1991314,7.1791034,1590.5203857421875,0.3461265563964844,2.655020229295701,11.466575622558594
4220,3.5669596195220947,0.82290983,1.8376149,187.93505859375,9.773326873779297,2.7143938572687247,5.209342956542969
4221,2.1426498889923096,1.9525518,7.316553,264.063720703125,10.194324493408203,3.0839782023784075,7.548919677734375
4222,4.004418849945068,0.48924223,1.1267772,282.474853515625,6.614906311035156,2.5653065072808126,5.046867370605469
4223,3.6663246154785156,1.6355549,6.752856,46.877197265625,3.8146209716796875,6.400831186211914,15.265945434570312
4224,3.892216682434082,0.46997866,3.2422235,434.133544921875,5.664154052734375,4.530435991602808,12.091522216796875
4225,3.698223352432251,0.56794673,1.8178419,402.39697265625,3.6047401428222656,3.7105393308660055,8.102943420410156
4226,3.8945209980010986,1.3281354,4.7573643,143.13427734375,5.400081634521484,3.7494542753778326,8.274826049804688
4227,4.543825626373291,0.3534834,1.3940306,190.219970703125,0.3433837890625,1.2720122888770682,3.2492294311523438
4228,4.383770942687988,1.0223873,4.8165874,61.3746337890625,1.5833816528320312,7.993085365289904,18.41834259033203
4229,2.9521467685699463,0.6390287,1.1198435,143.1357421875,12.856086730957031,0.7558750973065145,1.6556472778320312
4230,3.567338466644287,0.5416487,1.3230569,25.5595703125,8.154438018798828,0.5427917947818237,1.3380279541015625
4231,2.5570783615112305,1.3664242,2.570148,170.8212890625,8.070178985595703,0.038689701006717314,2.1770553588867188
4232,3.2191178798675537,2.111986,9.001709,57.11767578125,5.5437164306640625,8.694778939399477,19.44921112060547
4233,3.770660161972046,0.5845992,1.9304396,319.369140625,7.778461456298828,3.1462389645006468,4.939613342285156
4234,1.722736120223999,1.7684908,9.474494,87.8245849609375,9.24099349975586,5.989326214350719,13.923141479492188
4235,2.4909348487854004,1.3674902,5.8857217,451.9541015625,1.0857658386230469,1.8574625333439485,3.3588104248046875
4236,4.205724716186523,0.7103658,2.271763,531.819091796875,0.10385894775390625,1.4121193602348683,4.613410949707031
4237,2.2338922023773193,1.1122113,3.4510593,196.0189208984375,4.010551452636719,0.4490909776270726,1.8816757202148438
4238,4.360029220581055,0.4195896,1.3849769,243.103271484375,1.5567092895507812,2.6960104433579595,5.07421875
4239,3.4365897178649902,1.0854288,5.7893662,218.81201171875,3.6682357788085938,3.625997704777838,9.223258972167969
4240,3.2452776432037354,1.1147124,7.8233094,1742.3843994140625,5.7097625732421875,5.689520041667034,19.60718536376953
4241,4.419977188110352,0.96261936,3.7746794,95.174560546875,3.3667221069335938,6.849695171124793,15.876007080078125
4242,4.472788333892822,0.54005176,1.8237174,89.853271484375,3.165050506591797,0.10546439378288142,0.2264404296875
4243,4.111976146697998,0.80294114,3.879382,303.649658203125,3.777191162109375,4.494283215310858,10.223243713378906
4244,4.45270299911499,0.35016796,1.8785024,170.6121826171875,1.5562515258789062,1.6773257003135882,2.7870101928710938
4245,3.6035585403442383,0.90252924,2.0876684,0.133056640625,5.8298797607421875,2.5401634018423245,7.6268463134765625
4246,4.2231340408325195,0.53589857,1.4143159,133.565673828125,5.110820770263672,0.5597496539197628,0.7639007568359375
4247,4.022432804107666,0.9584643,4.1573963,23.32861328125,5.827014923095703,4.045122724321217,9.917961120605469
4248,2.839022159576416,0.6159286,1.6558466,103.701904296875,7.831768035888672,0.7612530133636781,3.0396347045898438
4249,3.4169600009918213,1.8057203,5.58257,65.970703125,4.649341583251953,6.358802863603643,15.555412292480469
4250,2.497293472290039,0.79812527,2.0712934,67.740966796875,11.236648559570312,0.9316791900854433,0.02841949462890625
4251,3.9070310592651367,0.2716806,1.8581972,222.644775390625,2.0121307373046875,3.1629667626029345,7.9608154296875
4252,2.1393041610717773,2.4060764,13.225865,60.361572265625,6.117488861083984,6.782727706422939,16.3907470703125
4253,4.0914835929870605,0.4086912,3.2727156,197.8017578125,0.7204170227050781,5.140457477164492,11.205078125
4254,3.957031488418579,0.44952264,1.3620585,402.403076171875,5.175556182861328,5.534572001818223,13.203125
4255,2.9902901649475098,0.87990665,5.342502,173.399658203125,4.3641357421875,3.0920771174167143,8.854835510253906
4256,3.415951728820801,0.8728071,4.191394,216.14404296875,5.216449737548828,8.158192069445477,18.809181213378906
4257,4.0921125411987305,0.6725572,2.1048899,150.2630615234375,1.4936714172363281,2.436162995641883,5.980628967285156
4258,2.8744609355926514,0.89981395,3.5773058,228.814208984375,2.2406768798828125,3.6543442131623785,8.092887878417969
4259,3.542205572128296,0.47686407,1.2723724,227.732666015625,8.647201538085938,1.3130029745480343,3.1376495361328125
4260,3.8353734016418457,1.0401287,5.32866,1194.6558837890625,4.188259124755859,5.296011085445034,18.728843688964844
4261,3.814237594604492,0.68089396,1.55574,146.483154296875,4.314247131347656,1.915832801876224,1.6176223754882812
4262,4.105124473571777,0.23606962,1.6333534,33.5594482421875,1.6482467651367188,1.145782755659905,2.8891067504882812
4263,4.486862659454346,0.31642523,1.7079384,50.212646484375,6.576202392578125,2.874683557396459,7.1270599365234375
4264,2.498978614807129,0.7012604,4.38008,405.19140625,5.717872619628906,0.8078279831012019,3.2745895385742188
4265,3.2598819732666016,0.6296356,1.363306,415.331787109375,4.501777648925781,0.3758156303374207,1.7738189697265625
4266,3.8128445148468018,0.5879409,3.787267,230.830810546875,5.112827301025391,3.9663074279637485,6.8064422607421875
4267,3.438913106918335,0.72606045,2.9496894,40.03857421875,4.065544128417969,2.274361948244511,3.6797637939453125
4268,4.3982625007629395,0.89191693,3.1284516,150.38818359375,2.202789306640625,4.908004175149269,11.8824462890625
4269,2.7347211837768555,0.7020703,3.914116,48.851806640625,2.553985595703125,5.813587026176595,12.799072265625
4270,4.190451622009277,0.4113001,2.2513902,543.579833984375,6.195384979248047,0.8105236291529003,3.4827957153320312
4271,2.67655611038208,1.6394615,7.317799,9.832763671875,8.794540405273438,2.8572664281941513,7.479942321777344
4272,3.5724966526031494,0.41259563,1.5782351,99.3831787109375,1.9827499389648438,1.0587246390664582,2.5462493896484375
4273,3.340991735458374,1.8090553,7.8075757,202.2421875,12.13016128540039,5.425633780537563,15.856521606445312
4274,3.8342082500457764,0.6550903,1.1212194,57.370361328125,7.692024230957031,0.9420766888939767,2.8754806518554688
4275,1.8107109069824219,1.6323935,8.581701,74.822509765625,8.415008544921875,3.1157511076420157,7.929027557373047
4276,2.875558853149414,1.1794561,6.5264196,361.998046875,11.451732635498047,4.835645645974271,13.727584838867188
4277,2.7837069034576416,2.2621973,7.5587993,76.434814453125,10.010440826416016,9.184226612067022,21.549728393554688
4278,4.194796562194824,0.56510216,2.6781597,785.6640625,0.8522567749023438,4.362677868051275,10.400344848632812
4279,3.2871768474578857,1.8969946,9.196671,238.955322265625,6.4091033935546875,7.943887037548901,18.331886291503906
4280,1.495665431022644,2.8691018,17.471457,175.692138671875,20.225452423095703,7.247617501011998,20.298568725585938
4281,3.6550493240356445,0.52480197,3.9409537,159.52978515625,6.087589263916016,5.239915510617127,11.57220458984375
4282,3.460874557495117,0.58779407,3.0710704,10.998779296875,4.895183563232422,4.104681306097149,9.747528076171875
4283,2.857032299041748,0.80342406,3.947648,15.643310546875,8.221153259277344,1.7869402467516124,4.231719970703125
4284,4.47715425491333,0.6358049,2.6766305,60.7012939453125,0.7074966430664062,1.9742501049551429,5.8798828125
4285,1.5907394886016846,2.2440434,10.077569,108.289306640625,10.725337982177734,3.793676988718211,9.410797119140625
4286,3.9953880310058594,0.7656775,4.556891,61.525390625,2.8549728393554688,3.631050147011397,8.903419494628906
4287,4.37353515625,1.3504678,4.20037,345.900146484375,4.154182434082031,6.283069983698166,15.090362548828125
4288,4.3797688484191895,0.25747147,1.2221546,74.1444091796875,2.4328651428222656,1.2281178783113376,3.3473434448242188
4289,4.025877475738525,1.0082995,5.0136194,24.41015625,5.883796691894531,4.03428573166611,9.517807006835938
4290,3.00644588470459,0.88157016,3.8937573,154.349609375,5.172618865966797,2.100743732308679,5.0878143310546875
4291,3.3928029537200928,0.6824448,1.5569894,188.251220703125,5.8778076171875,2.8254142970085283,6.522270202636719
4292,4.031170845031738,0.79380006,2.9094658,21.06103515625,2.4626808166503906,2.6188891865884045,6.869049072265625
4293,4.1410322189331055,0.48034844,1.195456,53.183349609375,1.2376785278320312,1.096983234568416,0.4907073974609375
4294,3.530526638031006,0.5919021,1.1928618,66.161865234375,5.203155517578125,1.5157795405923373,4.3487396240234375
4295,3.5165367126464844,0.64692515,0.98389757,412.18701171875,6.917758941650391,1.975601289592241,3.467498779296875
4296,4.200028419494629,0.36144653,1.6703918,73.7083740234375,5.2857208251953125,0.9561397902357207,2.198577880859375
4297,4.191661357879639,0.37417063,1.6402788,228.3388671875,0.22163009643554688,1.6399090540214907,5.153007507324219
4298,4.315267562866211,0.29312629,1.0661659,88.70751953125,5.805389404296875,0.43184819367453287,1.8149490356445312
4299,3.3839645385742188,0.68007046,3.3577561,107.633056640625,0.5906257629394531,0.7912293442035292,1.6269912719726562
4300,1.6054325103759766,1.1431288,8.154811,173.516357421875,3.7589073181152344,2.5909413223871276,5.487434387207031
4301,3.8680481910705566,0.87276024,1.6293316,172.92724609375,4.618198394775391,0.33521039805144426,1.7918014526367188
4302,4.039308071136475,0.5395757,3.5233989,141.3411865234375,2.551483154296875,5.166647722298787,12.657058715820312
4303,3.9530067443847656,1.1761327,6.80969,1223.2220458984375,1.222198486328125,3.7490280753393463,13.145149230957031
4304,4.35568904876709,0.34861287,1.087972,55.293212890625,4.859642028808594,0.360281101325981,0.25140380859375
4305,3.338514566421509,1.1772012,5.73095,810.7294921875,3.9378738403320312,1.3719364633227435,2.622161865234375
4306,1.3336474895477295,3.5757792,17.146185,213.47314453125,17.20586395263672,9.379738004876504,22.33147430419922
4307,4.067702770233154,1.148853,5.6059446,1127.73779296875,3.880767822265625,3.6001612922778143,13.127593994140625
4308,4.303552627563477,1.030405,3.401052,485.548828125,1.5319862365722656,2.1139265351188037,5.737213134765625
4309,2.4433867931365967,1.5413557,5.2825603,40.711181640625,5.112701416015625,5.494426823625609,11.950981140136719
4310,4.62468957901001,0.83211833,1.9619697,73.7066650390625,0.27574920654296875,6.278816227791644,23.74237060546875
4311,1.7618308067321777,1.9557022,4.7966247,23.506591796875,5.940418243408203,3.0924303974676306,7.9243011474609375
4312,3.7064263820648193,0.6122088,4.2472615,539.111083984375,3.0395164489746094,5.937314436485373,13.915267944335938
4313,1.0881156921386719,3.597401,17.299839,50.31640625,15.78420639038086,6.550577502976829,19.424171447753906
4314,3.786144256591797,1.7603339,3.7871773,776.3623046875,3.0537261962890625,4.569353486768279,10.075523376464844
4315,4.214309215545654,0.51951075,2.8807847,19.6572265625,3.504241943359375,4.090955807530214,9.798637390136719
4316,3.9882972240448,1.2076539,5.190797,1174.9129638671875,9.304126739501953,5.284673381897132,18.17981719970703
4317,3.0143070220947266,1.1400157,5.233385,1299.2266845703125,1.4755821228027344,4.421352450098738,16.90906524658203
4318,4.219604015350342,1.2783349,5.1622953,28.8916015625,1.5755538940429688,7.771984291067216,20.022003173828125
4319,3.928271532058716,0.9343023,4.4686947,253.8472900390625,5.368259429931641,0.649068852411915,0.9213333129882812
4320,3.2652647495269775,0.4543489,1.0370096,3.533935546875,4.880863189697266,2.9988259657945804,6.816093444824219
4321,4.414218425750732,0.49168906,3.4921303,59.060302734375,0.6810798645019531,2.8961483081463157,6.9287872314453125
4322,3.3244950771331787,1.0006747,5.0515165,252.6973876953125,0.4079742431640625,2.224647402973524,3.7785186767578125
4323,3.4936299324035645,1.0962793,4.6062236,1147.9627685546875,1.9156723022460938,4.164658913318927,15.125579833984375
4324,3.4763855934143066,0.4683144,1.4819092,44.089111328125,9.082164764404297,3.872695032034944,8.286727905273438
4325,4.221485137939453,1.3357759,3.4570656,105.36572265625,1.385345458984375,6.152196032908471,15.716423034667969
4326,2.8380048274993896,1.9546404,6.533149,82.51708984375,12.878692626953125,4.101123128003568,10.460533142089844
4327,4.565673828125,0.9071855,1.8065444,39.343505859375,1.4389266967773438,8.344028552080715,19.46526336669922
4328,4.541411399841309,0.56540924,2.0941815,190.328125,2.6374244689941406,3.063466414723642,6.998664855957031
4329,1.877899169921875,1.8748713,11.012932,56.24365234375,17.13106918334961,2.248203692466319,7.758899688720703
4330,4.4801764488220215,0.5662804,3.4411201,201.803955078125,1.36767578125,3.1586578669896426,6.343849182128906
4331,1.7308661937713623,2.8161666,13.00256,94.6865234375,18.641075134277344,8.17029055377666,22.20586395263672
4332,3.9021952152252197,1.0608044,4.648346,496.5185546875,7.241573333740234,3.922268966600509,8.0684814453125
4333,2.415738582611084,1.4051547,5.6896586,66.748046875,5.643157958984375,3.2921345738063543,7.818962097167969
4334,4.258951187133789,0.9928596,4.58834,81.54638671875,0.7665367126464844,6.563001014518022,16.1689453125
4335,2.880497694015503,1.0810138,2.6993566,90.255615234375,4.8321533203125,3.7751738366937104,9.503219604492188
4336,4.0721049308776855,1.1125135,5.6645894,55.339599609375,7.009178161621094,4.645762232717299,14.190078735351562
4337,3.763023853302002,0.47595215,1.3167307,215.268798828125,1.1944236755371094,0.6338544388121115,0.4528656005859375
4338,1.3684101104736328,3.4845989,17.406227,9.818115234375,11.447931289672852,8.968559093451628,23.653018951416016
4339,2.859187602996826,0.69801474,4.3831053,405.6666259765625,6.889461517333984,2.6725216992816776,8.2047119140625
4340,3.205366611480713,0.87932295,1.7190039,433.1357421875,4.65936279296875,5.904752904583148,13.254951477050781
4341,2.7576587200164795,0.5549118,2.2153058,110.8505859375,5.738246917724609,6.931291882301178,15.112129211425781
4342,4.3824663162231445,0.726553,2.3141985,130.451171875,2.576183319091797,6.3544517443177035,14.535362243652344
4343,3.5134036540985107,0.7630246,2.5522802,302.063720703125,2.4543685913085938,4.822723587100732,9.479904174804688
4344,4.29161262512207,0.5187972,1.5669307,112.9951171875,1.65203857421875,3.2134764485050873,7.154106140136719
4345,2.730151653289795,1.9697672,8.890794,136.126953125,7.2542877197265625,14.726653835045145,35.338775634765625
4346,4.149338722229004,0.3204599,2.1843646,314.7149658203125,6.482387542724609,1.0514841364065397,4.23797607421875
4347,1.916785717010498,1.4332098,4.548365,192.2755126953125,12.385032653808594,5.045447269530605,8.982826232910156
4348,3.7584924697875977,0.39076424,2.1641994,228.448486328125,5.054325103759766,4.175616519077174,10.302284240722656
4349,3.7135658264160156,0.7048934,3.1555767,133.975830078125,4.289085388183594,0.9887306275708383,2.8692092895507812
4350,4.128236770629883,0.3894504,1.2688037,22.384521484375,2.9652862548828125,1.5276788640343817,2.831298828125
4351,2.121831178665161,2.4482234,11.288782,40.700439453125,10.005733489990234,6.208777242912284,17.540145874023438
4352,3.0791256427764893,2.7303226,9.257494,63.05224609375,10.502685546875,11.349136488890029,27.07110595703125
4353,2.8709256649017334,0.61706203,3.0714297,53.89404296875,1.8697700500488281,1.5815114656271376,4.623504638671875
4354,3.2415218353271484,1.9191815,6.1456866,491.280517578125,5.654754638671875,6.575728404422538,14.203712463378906
4355,3.088663339614868,0.71596193,1.1917496,75.565185546875,2.2410850524902344,5.548906901169776,11.860275268554688
4356,3.713141441345215,1.4441315,6.297082,118.4046630859375,5.9322967529296875,6.596561891295238,15.572616577148438
4357,4.186432361602783,1.0941856,3.0022652,521.7991943359375,2.6536331176757812,3.8403132492236303,6.790992736816406
4358,4.4528584480285645,0.839931,4.0098443,31.56591796875,5.178951263427734,6.922847563184082,16.597488403320312
4359,3.626333475112915,1.8156134,5.63909,127.46826171875,4.230258941650391,5.052282032729661,12.434005737304688
4360,4.214639186859131,0.82337284,3.3440483,13.738037109375,3.871997833251953,2.1906986244303894,6.211097717285156
4361,4.352089881896973,1.4734119,5.4510684,83.6806640625,4.690273284912109,7.919542923141449,19.02582550048828
4362,3.157217264175415,0.6764334,1.6922199,247.0966796875,16.745826721191406,0.6223686117286142,0.09117889404296875
4363,3.437185764312744,2.2015712,7.1197743,7.5029296875,7.388835906982422,7.408054397659516,20.16722869873047
4364,4.230674743652344,0.28980267,1.5653996,131.6494140625,0.3523139953613281,0.6080303355508931,0.5943069458007812
4365,3.8046228885650635,0.5075074,2.9094245,141.956298828125,8.602962493896484,3.477989855977949,7.407066345214844
4366,3.99387264251709,0.95141125,3.5766492,357.92236328125,1.4576759338378906,0.17639022279054473,1.5852279663085938
4367,4.115994453430176,0.97897214,2.7285452,166.7037353515625,3.228618621826172,0.2394297133545109,1.38616943359375
4368,3.886143684387207,1.117891,7.0060606,1541.6778564453125,4.3714599609375,4.4823796800030244,17.189369201660156
4369,3.998743772506714,0.4998412,3.7617838,248.0048828125,1.2723388671875,1.383366482240877,2.9434661865234375
4370,3.775096893310547,0.6849859,2.499281,348.0751953125,8.895164489746094,4.245083716770722,11.266326904296875
4371,3.321131944656372,0.46477762,0.80629367,94.546875,13.141998291015625,1.8584036638142258,2.991119384765625
4372,3.757143497467041,1.2228671,3.2208812,226.19677734375,11.500965118408203,0.8903616928839142,6.016502380371094
4373,4.1817193031311035,0.35669005,2.3210616,73.816650390625,3.6606674194335938,2.1822448966761385,4.075439453125
4374,3.6479806900024414,2.308451,10.144423,175.769287109375,9.341842651367188,9.737679170247745,23.27356719970703
4375,3.232219696044922,1.1869783,5.706811,1428.5062255859375,14.498821258544922,4.284207314431782,17.696617126464844
4376,3.5681660175323486,0.5315435,2.136454,24.552490234375,10.005489349365234,4.200464834858575,9.301239013671875
4377,3.2272703647613525,0.663472,1.6460879,674.072265625,11.313713073730469,2.3993052594508413,5.282173156738281
4378,3.2764906883239746,0.761949,1.3938043,138.00244140625,10.15658187866211,2.6528791743460687,4.773590087890625
4379,2.7574360370635986,1.0859338,1.4532669,134.7998046875,8.88543701171875,0.79923772832975,3.7654266357421875
4380,4.099786758422852,1.2937974,8.158325,914.478271484375,8.130142211914062,7.215546436929014,21.550086975097656
4381,3.903184175491333,1.7609781,6.709393,630.3236083984375,3.8383750915527344,7.775449390747561,16.171981811523438
4382,3.390244722366333,0.59685,0.5613961,1.318359375,8.02288818359375,0.6747793152812562,0.7260971069335938
4383,3.4562957286834717,0.43630055,0.7608733,170.1630859375,5.67498779296875,0.021129843586237484,0.34841156005859375
4384,3.1812422275543213,0.5354406,2.7695026,75.08056640625,4.802349090576172,3.555565707538179,8.111251831054688
4385,4.352732181549072,0.6259815,2.2540421,14.580078125,2.3864822387695312,0.08595984298704096,1.8427734375
4386,3.221673011779785,0.50723517,3.8425236,209.5523681640625,4.323051452636719,1.6000086144188224,4.125396728515625
4387,3.657773733139038,0.9038088,2.3238044,125.4327392578125,1.2778892517089844,0.523175721356413,0.6116943359375
4388,4.131549835205078,0.4166138,1.4308491,53.947998046875,3.330913543701172,0.1905012956617469,0.8342056274414062
4389,3.428133726119995,2.3080113,5.4249697,600.035888671875,7.538902282714844,4.783083241592699,13.314727783203125
4390,3.8557982444763184,0.5314483,0.96041715,90.7568359375,12.088001251220703,1.4489669851670754,3.11492919921875
4391,3.2086915969848633,0.6661546,2.7085075,55.388916015625,9.039825439453125,3.2484410247985025,8.287765502929688
4392,4.164898872375488,0.8410898,2.9158998,470.87939453125,1.4338035583496094,3.533100992191624,9.3389892578125
4393,3.725658416748047,0.4197333,0.8179617,37.111083984375,6.2694549560546875,0.31301204902727164,0.26293182373046875
4394,4.365457534790039,0.8242386,4.2374277,56.6453857421875,2.966350555419922,2.943062698122006,9.044509887695312
4395,3.3779850006103516,0.4132547,1.0607225,155.01318359375,6.201606750488281,2.4907569090980743,4.9743194580078125
4396,3.4942309856414795,0.69155884,1.5012542,158.568603515625,7.3986968994140625,0.22826368695216814,0.46170806884765625
4397,3.4610555171966553,1.1966805,8.112703,193.639404296875,7.867938995361328,5.315716144340936,13.46346664428711
4398,3.7908406257629395,1.2613893,4.633891,1614.292236328125,5.383094787597656,6.843451988191148,22.641616821289062
4399,4.314741611480713,1.1493183,3.146425,116.384765625,3.3206024169921875,9.368427883827813,21.80455780029297
4400,4.360108852386475,0.64956284,2.3039699,349.6826171875,0.6561050415039062,1.98808427593789,4.106605529785156
4401,3.9346907138824463,0.8764393,3.9076707,669.5628662109375,2.820568084716797,3.527647805087817,5.4572296142578125
4402,2.616215944290161,1.2210492,3.13661,189.570556640625,11.10068130493164,1.440219111644474,4.387653350830078
4403,4.482364654541016,0.25678375,2.0599942,127.2088623046875,0.5874862670898438,0.9083790274291452,2.4136581420898438
4404,3.1453564167022705,0.6321354,0.894197,131.777587890625,11.58917236328125,2.200722366881511,4.4415435791015625
4405,2.909970998764038,0.5170846,1.512461,370.046630859375,11.374839782714844,0.8264182973829612,0.649261474609375
4406,3.269172430038452,1.475617,8.43246,1047.6971435546875,5.515949249267578,1.3759300974203548,2.1196517944335938
4407,4.4561285972595215,0.4128019,0.77247226,131.303466796875,1.9418067932128906,0.5309560191116063,1.1299896240234375
4408,3.561553955078125,0.58943206,2.6762183,139.35498046875,7.514324188232422,1.0145513280316187,3.912384033203125
4409,4.161245346069336,0.5515662,3.9673004,409.3212890625,0.3933906555175781,2.5335853863521756,8.365127563476562
4410,4.530842304229736,0.45913807,1.5618466,123.6337890625,0.24131011962890625,4.556996420745257,10.568092346191406
4411,4.409002304077148,0.70555085,1.5568933,467.059814453125,3.0383758544921875,0.5764219120356024,1.1215972900390625
4412,4.311226844787598,0.6051352,2.3391824,111.80029296875,2.3948631286621094,0.6534827405058863,1.6926422119140625
4413,3.580883502960205,0.50178295,2.4228156,162.4345703125,0.0193328857421875,0.8549762677021953,1.5095443725585938
4414,3.5538153648376465,1.2628613,5.8081484,246.2734375,7.434474945068359,5.060885255941766,10.55059814453125
4415,2.501028537750244,0.84699696,2.380144,98.810302734375,1.8054924011230469,0.3636123773566169,1.3212966918945312
4416,3.98409104347229,0.7461211,2.0503223,17.9755859375,4.391502380371094,6.345019956600041,15.195343017578125
4417,3.4891700744628906,0.63112813,1.9379287,668.149169921875,8.458786010742188,1.3215694851250746,1.6773757934570312
4418,3.6582539081573486,0.5660958,1.733441,4.916015625,9.654792785644531,1.4136049453316915,3.460784912109375
4419,4.386443614959717,0.61858124,1.9515516,320.08740234375,3.3205909729003906,1.1194491302809482,1.562164306640625
4420,3.3525848388671875,0.5019669,3.717921,45.9326171875,9.57723617553711,0.08912800766080764,0.88525390625
4421,3.3711373805999756,0.56234574,0.67729753,1.532958984375,4.250461578369141,0.6322330094207445,2.1902236938476562
4422,3.456733226776123,2.1879919,13.571072,439.0712890625,16.016494750976562,10.083946599814542,26.22528076171875
4423,3.553211212158203,0.78901845,3.0160592,545.061767578125,2.665821075439453,2.1605262319076637,5.7109527587890625
4424,4.4651641845703125,0.5321984,1.6002195,339.4140625,0.7509994506835938,1.6618398587630665,3.2857666015625
4425,4.033359527587891,0.84625846,7.181467,49.776123046875,2.757274627685547,7.257058387203841,16.680282592773438
4426,3.50160551071167,0.74582356,1.8912652,10.103515625,6.938991546630859,0.25662880421116796,0.03404998779296875
4427,2.2918615341186523,1.6725059,5.391322,22.07080078125,8.279727935791016,2.8670062309596673,7.362281799316406
4428,3.962948799133301,0.5031555,2.8823323,348.1390380859375,12.399059295654297,2.952086666740449,9.529296875
4429,3.989231824874878,1.9875537,6.0754743,276.387939453125,6.341876983642578,8.642338440428343,21.16887664794922
4430,4.33222770690918,0.6945195,1.8960881,380.265869140625,2.545196533203125,3.09017020869765,7.016166687011719
4431,2.9959590435028076,1.109348,5.200695,1143.320068359375,3.0211143493652344,2.672396417426114,11.805595397949219
4432,1.6209444999694824,3.1201847,11.967138,76.75537109375,14.697380065917969,7.547249912744963,20.69281005859375
4433,3.6910922527313232,0.88620263,4.908895,21.69677734375,4.650177001953125,2.016268734076526,5.4427032470703125
4434,4.264323711395264,0.57761043,2.1108105,333.3609619140625,0.3760719299316406,0.513892709224752,0.37995147705078125
4435,2.961076259613037,1.2361606,9.52846,1204.8294677734375,6.298587799072266,3.2679417475119408,16.060104370117188
4436,3.6940598487854004,1.1676207,6.876513,1755.658203125,11.971481323242188,3.3187553246337664,15.003585815429688
4437,3.21102237701416,1.3045119,4.694159,1278.1279296875,6.5102996826171875,8.783410302814634,27.02398681640625
4438,4.043259143829346,0.36159876,0.6633224,67.885986328125,7.366756439208984,2.731575374468399,6.6400299072265625
4439,1.4044111967086792,2.0597737,7.7661695,72.4713134765625,10.925304412841797,1.4561583047288629,6.167076110839844
4440,4.375200271606445,0.83311915,3.559968,65.776611328125,2.7166748046875,4.0369174160747505,10.157638549804688
4441,2.528512716293335,0.50189954,1.2366427,152.9658203125,6.5242767333984375,5.143787979083086,11.778892517089844
4442,3.115147113800049,0.30903926,1.7600958,189.2926025390625,5.457157135009766,2.489353459306624,6.6810302734375
4443,3.8842761516571045,0.50629807,3.1266966,104.337646484375,2.0908737182617188,1.0711381274007898,2.7753524780273438
4444,4.474796295166016,0.6829228,2.0491345,81.161376953125,1.9538536071777344,1.2127316739899285,4.10968017578125
4445,2.249699831008911,1.3141451,2.801326,285.31005859375,8.231231689453125,3.2486264233273907,8.95916748046875
4446,4.414486885070801,0.37147236,2.554449,111.0902099609375,1.5174827575683594,0.5542485864778293,0.6490554809570312
4447,3.438331365585327,0.68066007,4.4602327,268.2998046875,6.381370544433594,1.9866630713893834,5.76141357421875
4448,4.024140357971191,0.92805624,7.0189867,126.576171875,4.442436218261719,8.604611536891387,19.410186767578125
4449,4.092071533203125,0.9619996,5.6373334,46.975341796875,1.7630500793457031,6.514812612109427,15.142425537109375
4450,3.367354154586792,1.1313201,7.982601,1337.5557861328125,7.576515197753906,5.047960308762665,19.91156005859375
4451,4.201233863830566,0.45452634,3.0705743,546.735107421875,1.8899993896484375,6.144547046389018,14.956214904785156
4452,3.8933026790618896,1.2466973,7.7490764,1328.7471923828125,8.158672332763672,7.67135923027578,24.400001525878906
4453,3.8994762897491455,0.2773894,0.8319896,110.6641845703125,3.8451080322265625,0.04295990843672115,0.12448883056640625
4454,3.4448695182800293,0.6495602,4.293287,379.971435546875,3.1237030029296875,2.8077533416237195,7.970191955566406
4455,1.4723494052886963,1.9332386,9.166983,163.0755615234375,7.692302703857422,2.6299458217009075,7.886131286621094
4456,3.793612241744995,0.38884115,1.1002383,55.377685546875,5.566753387451172,0.8236493655750721,2.1106109619140625
4457,3.625253200531006,0.8753495,2.0476344,187.562255859375,15.547233581542969,2.912616797539407,7.315032958984375
4458,4.486961841583252,0.3463575,1.1766027,3.129638671875,2.039875030517578,3.2909374903498936,7.037635803222656
4459,3.6121151447296143,0.7757283,5.402172,793.773681640625,3.8522109985351562,8.18497109443307,20.29521942138672
4460,4.0244460105896,1.4758892,5.6705794,235.159912109375,4.146358489990234,6.336356404542975,14.510421752929688
4461,4.2511467933654785,1.2686759,7.3327775,1048.7376708984375,2.4561500549316406,2.4963887984365876,11.152687072753906
4462,3.320756196975708,0.41761336,2.2378666,189.40234375,1.9118118286132812,3.5188103233467025,8.163162231445312
4463,3.91650390625,2.0792284,5.5162125,36.23974609375,10.061180114746094,8.383910366558865,21.492164611816406
4464,3.2620975971221924,1.3974539,3.7203064,437.27099609375,13.866046905517578,6.53339797722192,13.240684509277344
4465,4.034775733947754,1.191332,5.457588,68.37060546875,7.009208679199219,10.843999028104715,25.08087158203125
4466,3.073166847229004,0.75087667,2.0496573,54.620849609375,5.04241943359375,0.6445147216386076,0.48870086669921875
4467,4.1604838371276855,0.4486233,4.684266,349.8623046875,2.3746337890625,6.621664201549681,16.006088256835938
4468,3.7184407711029053,0.8136552,6.8593464,216.340087890625,3.6080856323242188,3.684659340310997,10.083358764648438
4469,3.7983226776123047,0.544908,3.117505,48.9114990234375,1.0703620910644531,2.013626102566839,5.823768615722656
4470,2.852593183517456,0.8223688,3.7995784,231.756591796875,0.00620269775390625,0.43755750616853817,1.7469940185546875
4471,2.4606871604919434,0.6879714,4.89357,531.642333984375,9.45498275756836,0.7616193943483083,4.4195404052734375
4472,4.520750045776367,0.56540704,1.7709777,322.14990234375,2.5659561157226562,3.9013666017850035,7.9393463134765625
4473,4.008180618286133,0.421152,1.0908012,360.837158203125,8.704784393310547,0.8590653503323011,1.8240814208984375
4474,3.0288496017456055,0.6745557,1.7249155,18.3065185546875,4.411582946777344,2.004121880144613,4.887733459472656
4475,3.979625940322876,0.46453932,2.647701,307.6611328125,1.0038566589355469,4.997095269957889,11.549995422363281
4476,3.9285523891448975,1.0557278,4.7334304,1327.260009765625,12.478290557861328,3.181666207292274,12.680030822753906
4477,1.5602742433547974,2.4884536,7.0424604,53.281005859375,16.16455841064453,0.2891777186544786,7.651008605957031
4478,4.230737209320068,1.1730394,7.085948,764.251953125,8.111839294433594,4.401336032900613,15.65643310546875
4479,4.115740776062012,1.5214682,5.4983354,13.422119140625,6.8905181884765625,9.435530802757395,21.884239196777344
4480,3.8821418285369873,0.7121095,3.6383388,59.827880859375,2.984638214111328,7.165826811168376,15.7039794921875
4481,1.7376515865325928,1.9722635,5.725061,77.9609375,13.020557403564453,0.9146713826622488,5.37664794921875
4482,4.289616107940674,0.47849652,0.984756,117.3660888671875,1.4843788146972656,0.7005817484131001,1.5530548095703125
4483,2.4069266319274902,2.2131093,7.5779777,79.3662109375,15.444828033447266,4.432095607363667,12.992118835449219
4484,4.630026340484619,0.22291107,0.6793056,95.283935546875,0.04433441162109375,0.1238430095888603,0.09618377685546875
4485,3.9452128410339355,0.5745799,1.953405,328.9794921875,8.192737579345703,3.090012869134366,6.922767639160156
4486,3.948704481124878,0.42995146,1.7243319,457.506103515625,5.423583984375,3.0075292188717633,7.4871063232421875
4487,3.0062808990478516,0.6849944,1.9853055,274.8095703125,12.655170440673828,2.3089503664172923,5.4571380615234375
4488,1.5047078132629395,1.9458479,9.210943,134.7581787109375,9.576019287109375,5.451761397294611,12.655746459960938
4489,3.623326539993286,0.48788753,1.7499534,38.637451171875,3.41357421875,1.5516555419818197,3.2095947265625
4490,3.41202974319458,0.45672026,1.615856,300.4326171875,6.887187957763672,1.839165499838547,5.099372863769531
4491,3.3168587684631348,0.74157494,1.1447308,74.30615234375,6.7448883056640625,2.843218128193211,5.640655517578125
4492,4.413135528564453,0.61507577,2.1452277,303.809326171875,1.0881423950195312,0.1730141830508103,0.5776901245117188
4493,2.342258930206299,1.1966509,5.5599155,1417.4676513671875,6.628948211669922,3.4371565358223535,13.126632690429688
4494,1.5331549644470215,2.2357488,9.549037,410.8187255859375,5.572078704833984,6.162095891573696,13.1221923828125
4495,2.821784257888794,1.867287,8.969149,172.311279296875,7.430656433105469,3.0716298078106234,6.72161865234375
4496,4.281528949737549,0.30375764,1.5560741,133.691162109375,2.0942535400390625,3.4503596418157088,7.833984375
4497,3.5141992568969727,0.45639694,2.0460672,67.4212646484375,3.2707252502441406,0.050724810159227474,0.9873046875
4498,2.658885955810547,2.0580528,10.54335,137.580810546875,10.179878234863281,0.4674376382228047,4.591289520263672
4499,4.316995143890381,1.0665199,4.1576123,712.1424560546875,3.1733932495117188,2.1197927340103817,0.8909378051757812
4500,4.184978485107422,0.24618725,1.5156689,118.84228515625,4.449214935302734,0.41694901439092646,0.0547637939453125
4501,3.259995460510254,1.2942277,4.2441926,212.881103515625,6.158245086669922,0.897611583629697,0.09645843505859375
4502,3.7709996700286865,2.3895466,10.183074,34.548828125,10.65279769897461,11.567687884857449,27.867385864257812
4503,3.0225117206573486,0.7665841,2.3191323,247.9990234375,6.2830963134765625,0.56695990591707,1.2504501342773438
4504,2.8148229122161865,1.0530008,3.6867115,545.004638671875,15.796272277832031,3.278447180976414,9.206520080566406
4505,4.416049957275391,1.2918106,4.3563213,1.94189453125,0.8677978515625,11.765076361045061,27.484725952148438
4506,3.9210877418518066,0.4410213,1.6409779,10.597900390625,1.0478897094726562,6.58151201682664,13.780540466308594
4507,1.755056619644165,0.90395695,7.180579,787.50732421875,5.455177307128906,6.052878689988315,17.914230346679688
4508,2.7296478748321533,1.2866359,2.9506834,185.072021484375,9.082901000976562,3.4647555752012984,8.126609802246094
4509,4.5410051345825195,0.3290743,0.83376646,11.536376953125,3.3629417419433594,1.416829371575357,3.41534423828125
4510,4.324717044830322,0.8319563,5.1075177,521.10595703125,1.1279640197753906,8.52362445222715,22.135223388671875
4511,3.345428228378296,1.8192409,7.445183,440.670166015625,6.216693878173828,6.446360706753289,15.858871459960938
4512,3.5745742321014404,0.459277,2.0332983,13.975341796875,3.1529769897460938,3.703068444821003,8.348365783691406
4513,2.9950408935546875,0.8804932,2.2432854,163.12744140625,1.0550460815429688,4.890450730790491,10.598159790039062
4514,1.4134236574172974,2.792289,4.678632,257.7801513671875,4.731594085693359,1.6375772024331994,5.832542419433594
4515,3.9637269973754883,0.2573644,1.2368076,22.76611328125,5.098682403564453,2.0533694115032617,4.711708068847656
4516,4.546130180358887,0.5185613,1.3743912,135.404296875,1.9571952819824219,1.9475180843231783,4.206573486328125
4517,3.855268955230713,1.4459643,6.396933,41.78515625,9.708152770996094,9.06989330786902,21.48352813720703
4518,3.5773422718048096,0.8495242,1.4093649,98.9375,14.30438232421875,2.0326687627830218,5.9167327880859375
4519,3.733489751815796,1.2550114,6.218917,1322.110107421875,11.805816650390625,7.140138204694001,23.242286682128906
4520,4.425724983215332,0.7184498,3.498565,23.287353515625,1.4724922180175781,6.416333899319962,15.351844787597656
4521,3.936985969543457,0.5305594,2.9532268,216.8482666015625,1.3559379577636719,0.4587721477952975,1.1425552368164062
4522,4.3446526527404785,1.3246489,4.2986174,1251.3701171875,4.658542633056641,7.929030602142273,24.57586669921875
4523,2.525599479675293,1.3593029,6.9655595,1527.66259765625,8.460960388183594,5.353939841908588,19.848846435546875
4524,4.461374282836914,0.47041157,1.1649643,317.92431640625,2.3846092224121094,0.3123661736956791,1.6942901611328125
4525,4.428546905517578,0.21390997,1.0710117,7.763916015625,0.22205352783203125,1.2062844411264066,2.119537353515625
4526,2.748652935028076,2.3416474,8.021547,957.2169189453125,8.493743896484375,2.854521688134245,5.719734191894531
4527,3.7100677490234375,0.60391337,6.374311,376.4951171875,7.241039276123047,5.0988729568436355,13.599601745605469
4528,1.4784764051437378,3.3908033,11.727335,190.206298828125,15.70083999633789,11.486919273331402,28.664310455322266
4529,1.2388032674789429,3.2145307,15.689697,74.569580078125,18.06932830810547,5.283775126792349,15.430599212646484
4530,1.9660648107528687,0.86556935,5.859767,382.0330810546875,6.415855407714844,1.9591977398392224,4.963836669921875
4531,4.102975368499756,0.6593668,2.1542325,27.922607421875,3.3500404357910156,0.9102976434351007,2.3037185668945312
4532,3.773739814758301,0.76883525,2.0033183,630.050537109375,3.856792449951172,3.4969504137753447,9.334701538085938
4533,2.3046107292175293,1.9698635,3.3165855,298.069580078125,11.245532989501953,2.2523662029155673,7.601715087890625
4534,4.0477447509765625,1.1535507,5.4300747,1728.219482421875,13.958976745605469,6.0209916261275715,21.08026123046875
4535,3.808431386947632,1.0917114,3.2529564,250.494873046875,7.414421081542969,6.098336098016642,14.061073303222656
4536,3.951054334640503,0.6385701,2.205491,17.9033203125,7.428314208984375,3.116897312658484,8.181655883789062
4537,4.563899517059326,0.45235863,2.037682,48.360595703125,0.2956428527832031,2.7610472600823996,6.597099304199219
4538,4.426802635192871,0.283026,0.9907743,17.928955078125,0.9001350402832031,0.14317157919509071,0.6572341918945312
4539,4.55639123916626,0.7041642,1.5744054,269.072509765625,0.8514404296875,3.3618158906736078,8.045555114746094
4540,4.440581321716309,0.5181178,2.4643905,452.494384765625,0.8135528564453125,4.25549999304182,9.968109130859375
4541,1.0499069690704346,4.079671,23.493967,16.229248046875,30.370351791381836,8.78822248499041,26.397411346435547
4542,3.9876644611358643,0.51352066,0.6611135,76.183837890625,4.1102142333984375,1.1096406840660755,1.408233642578125
4543,3.4807841777801514,0.716649,3.7833734,361.9287109375,0.42740631103515625,5.535271697673661,15.083236694335938
4544,3.956322193145752,0.45094347,2.5701473,83.32861328125,5.581050872802734,2.4406489079591687,6.187599182128906
4545,3.872723340988159,1.2339977,4.7178755,277.228271484375,7.609760284423828,8.207891115519956,18.953155517578125
4546,4.35046911239624,0.26553565,2.2383955,7.037841796875,2.4908523559570312,3.043076104213526,6.8119354248046875
4547,3.4773056507110596,0.6857665,1.3787518,150.408203125,8.045768737792969,4.092432807945993,6.653495788574219
4548,2.4978628158569336,0.4913322,3.7295163,46.467529296875,10.746990203857422,2.554346163693115,6.312591552734375
4549,3.0496487617492676,0.82256365,4.2589283,174.047607421875,7.397655487060547,3.0501113916611686,6.213897705078125
4550,2.566655158996582,1.1499965,2.835845,55.8448486328125,5.7299957275390625,1.0865619483864428,3.6961669921875
4551,1.8876503705978394,1.0096251,6.3195515,309.89208984375,14.785106658935547,4.704426410884302,12.158645629882812
4552,3.9974758625030518,0.5307844,1.3256763,6.18212890625,6.333534240722656,0.41018306105413416,1.6808013916015625
4553,1.5628068447113037,2.906368,11.24441,4.739013671875,16.913978576660156,9.611558071803824,25.044628143310547
4554,4.414897918701172,0.6655571,3.4875238,99.342041015625,1.6902694702148438,4.356252433447995,9.511604309082031
4555,4.069558143615723,1.0264447,1.5239704,181.139892578125,3.954742431640625,1.6544432260327682,5.6057891845703125
4556,4.45990514755249,0.21469356,2.4814732,200.0386962890625,0.8209075927734375,1.1765828350282241,4.026336669921875
4557,3.3410375118255615,1.2983881,5.2102456,1215.50048828125,0.43192291259765625,4.6462252188884,17.14331817626953
4558,4.33405065536499,0.24818861,1.1721413,46.37451171875,1.3527450561523438,0.39395100424782825,0.8212738037109375
4559,4.514218330383301,0.63896227,1.3797083,260.9041748046875,0.9985847473144531,1.2661370296282506,1.2272567749023438
4560,2.9640586376190186,1.2241722,7.679825,1121.34521484375,4.007823944091797,4.735704717645049,17.680587768554688
4561,4.424100399017334,0.60731006,1.2624246,401.2138671875,0.17432022094726562,0.34651468765752824,1.3702850341796875
4562,3.554598331451416,0.45729122,1.3178666,259.721923828125,8.769123077392578,2.5182811493215773,4.4757843017578125
4563,3.9315900802612305,0.80166024,3.0779727,591.003662109375,1.9710960388183594,0.23754733813436957,1.2538604736328125
4564,3.7282636165618896,0.45458773,1.8129164,11.88916015625,2.3041610717773438,5.611748655278788,11.665260314941406
4565,4.207541465759277,1.0347693,1.9240953,344.086669921875,2.9406585693359375,3.734509157236861,9.990615844726562
4566,4.413793087005615,0.3509024,2.2963452,209.628173828125,4.045764923095703,1.001211872634208,3.0591049194335938
4567,3.676945447921753,0.9017833,5.869858,367.726318359375,7.950794219970703,7.118503744029738,16.249374389648438
4568,4.278365135192871,0.54442155,2.3621182,53.807373046875,2.2557029724121094,0.546481128045766,3.0479583740234375
4569,2.5354855060577393,1.1816827,1.7323525,90.912353515625,11.300010681152344,3.921122840198226,10.196510314941406
4570,3.765636444091797,0.58226836,2.0475516,51.868408203125,1.8682098388671875,2.738010762804997,6.725761413574219
4571,4.119838237762451,0.41489407,1.8889853,137.964111328125,3.6460342407226562,1.2805960800196843,2.7455062866210938
4572,3.466280460357666,0.5649674,1.9985192,462.15576171875,3.6364364624023438,2.410237714726339,6.058937072753906
4573,2.4321296215057373,1.9185667,5.936174,121.16845703125,4.7682342529296875,9.663103392428539,22.096054077148438
4574,3.9238579273223877,0.7211986,2.171569,74.07080078125,7.37957763671875,4.588392028805245,11.165924072265625
4575,3.8986077308654785,1.1899693,5.654043,5.258056640625,3.703563690185547,6.967981039531921,16.266387939453125
4576,3.7735886573791504,0.56750464,2.1380827,421.729248046875,7.732563018798828,2.004036189003319,4.280662536621094
4577,2.337345600128174,1.9276175,9.270984,237.2764892578125,10.986278533935547,3.898161938788661,9.97076416015625
4578,3.9961509704589844,0.6358793,0.9143654,638.33740234375,4.192264556884766,1.7474599402904758,3.9258193969726562
4579,2.820422410964966,1.2584366,5.395132,891.177734375,3.1002655029296875,5.1087284398934365,18.408653259277344
4580,4.004817962646484,0.72945756,4.2226787,50.1845703125,3.8056106567382812,2.6440591297527227,7.8234405517578125
4581,3.218379259109497,0.7417543,2.7168434,1.80419921875,1.8784065246582031,0.4069751326191131,3.3658218383789062
4582,1.1306729316711426,3.3592594,13.611102,125.580078125,16.92441177368164,5.233483923045718,13.885612487792969
4583,3.679060459136963,0.3868173,1.7206138,7.673583984375,3.037017822265625,0.5094344318208321,1.1150054931640625
4584,4.1411356925964355,1.0441955,2.6584492,437.7490234375,2.4496612548828125,0.1244136084077212,0.18813323974609375
4585,4.083744049072266,0.440115,2.1092052,200.682373046875,5.688873291015625,5.206046895235744,9.955574035644531
4586,3.9506688117980957,1.191454,4.4809484,1518.1265869140625,5.432304382324219,7.6258468113953946,24.588409423828125
4587,1.128379464149475,3.365823,14.166089,250.85107421875,12.991508483886719,6.088698523137115,15.009407043457031
4588,4.376542568206787,0.7033449,1.3319142,354.87109375,0.4376106262207031,2.2721725930524173,4.2720489501953125
4589,3.0578057765960693,0.7881592,5.319255,313.967529296875,5.444889068603516,4.019749545233907,10.096946716308594
4590,4.471000671386719,0.5911985,3.2026658,186.861328125,3.8575782775878906,0.29879503758154513,0.674957275390625
4591,4.448652267456055,0.42321017,1.8852762,136.880859375,1.0164108276367188,4.4656558661739965,10.142791748046875
4592,4.525489330291748,0.44346198,1.560757,115.584716796875,3.443622589111328,0.8890406927384902,2.291259765625
4593,4.193388938903809,1.4219991,4.0604806,295.99853515625,3.0247879028320312,3.219647094887492,7.050689697265625
4594,4.325896263122559,0.7505703,2.6317837,216.3251953125,4.69036865234375,1.0211928044788863,1.4112167358398438
4595,3.444514751434326,1.1930869,6.2309523,1354.009033203125,0.343963623046875,1.3309460249572496,9.189697265625
4596,4.204132556915283,0.29101178,1.5204451,77.1708984375,6.013134002685547,0.32849553654468977,0.8283462524414062
4597,2.2634518146514893,1.5143636,7.504752,242.765625,1.5241661071777344,0.2712904031940617,0.3596038818359375
4598,4.266429424285889,1.0051401,2.704474,228.092529296875,5.685108184814453,1.0772822764558079,4.375999450683594
4599,2.9018938541412354,1.2899667,6.9000783,1144.19140625,9.423038482666016,4.197783001348132,18.428802490234375
4600,4.2042999267578125,0.43805814,3.7350597,96.6336669921875,1.4714279174804688,5.514502803684696,12.896270751953125
4601,2.618600606918335,0.6321204,1.0628393,125.305419921875,7.118659973144531,1.5170433521482067,3.3390274047851562
4602,3.7363226413726807,0.6599191,0.9995655,6.956787109375,2.954833984375,0.3971994051164849,0.8188705444335938
4603,2.5932750701904297,1.2573825,4.4964256,1249.556396484375,1.9504852294921875,0.9503859077592836,9.2255859375
4604,3.810706853866577,1.1366894,4.154686,192.0927734375,1.2366256713867188,0.39418523033913644,1.6104507446289062
4605,3.5305020809173584,0.32821587,1.0436307,88.635009765625,5.655551910400391,5.40573816491251,11.792304992675781
4606,4.119261741638184,0.41833118,1.2151258,239.435302734375,10.400959014892578,0.9970571323939623,4.397918701171875
4607,1.8391532897949219,1.7115377,7.2480803,152.899169921875,10.643840789794922,6.214583678120768,12.262039184570312
4608,2.7565886974334717,0.5434287,2.0662072,49.701904296875,6.394153594970703,4.071339160918736,9.163650512695312
4609,2.238572120666504,1.971707,5.4863663,0.148681640625,15.684696197509766,1.8944913064417896,7.033782958984375
4610,4.182499408721924,1.2059875,5.9902735,112.523681640625,3.423126220703125,0.6727349202000035,1.06597900390625
4611,2.8715596199035645,1.4597813,3.0735102,498.113525390625,2.6968612670898438,5.911208547767693,15.24700927734375
4612,3.6300225257873535,0.46226206,0.97399247,135.61376953125,10.091350555419922,1.5107525012474206,2.3683547973632812
4613,4.354471683502197,0.5509275,3.8069415,13.8466796875,0.45763397216796875,1.8911966071138835,5.988067626953125
4614,4.426151275634766,0.5569331,1.9568958,175.1767578125,0.2579765319824219,0.9657055272321777,1.5756683349609375
4615,2.6767258644104004,1.1760825,1.9932435,2.02294921875,13.401371002197266,0.6406747532103374,4.0277252197265625
4616,3.96034574508667,1.039937,4.5344186,103.2216796875,8.088218688964844,4.962508164346506,13.262062072753906
4617,1.569375991821289,1.5222644,8.312622,100.56396484375,7.400211334228516,0.9657422475083308,3.5868301391601562
4618,3.514610767364502,0.82313746,5.92412,781.39306640625,1.7368202209472656,3.6630577442562355,10.910285949707031
4619,2.126967191696167,0.90246516,2.0077899,234.53076171875,10.667617797851562,0.8040953940902966,1.8213577270507812
4620,4.20314884185791,1.2743806,4.6541004,323.841796875,4.00225830078125,3.5171205440929505,9.12652587890625
4621,3.8654160499572754,1.2217991,7.543934,769.525146484375,1.6527786254882812,3.3119353624533545,11.159263610839844
4622,4.295721530914307,1.1448126,3.926085,595.4478759765625,11.036994934082031,4.800372592021862,14.179656982421875
4623,2.3986947536468506,1.2170336,6.0797267,1381.2379150390625,0.06720733642578125,1.8769215674867432,1.3969573974609375
4624,4.389771461486816,1.166382,4.1544046,147.04541015625,0.31056976318359375,5.7322048215685335,14.724418640136719
4625,3.4721686840057373,0.8805385,2.91461,333.89111328125,12.358013153076172,8.769142707459178,20.297775268554688
4626,4.156444549560547,0.9726496,2.5573535,28.10498046875,11.712841033935547,4.72810939375157,11.806114196777344
4627,2.8131906986236572,0.8878109,1.4745171,47.6826171875,13.675399780273438,0.7916693101046235,0.46466064453125
4628,3.6062469482421875,0.6080062,2.6453052,169.6885986328125,3.183940887451172,0.491713004191098,0.05481719970703125
4629,4.471264362335205,0.53812486,3.1990154,122.8935546875,0.39797210693359375,4.491228857404899,10.643257141113281
4630,3.947951555252075,0.82698065,3.494117,59.0390625,6.58001708984375,6.972820116461321,16.22509002685547
4631,2.5863025188446045,0.57122356,1.5813229,82.932861328125,7.301708221435547,0.8568257591501727,1.6266021728515625
4632,2.832303524017334,1.3865992,6.469364,241.113037109375,5.6220550537109375,4.7840126171423165,10.539314270019531
4633,3.4272470474243164,1.247058,2.7679088,398.54736328125,2.538440704345703,1.9189924925388588,5.68798828125
4634,3.902062177658081,0.3372735,1.3494021,159.016845703125,4.514251708984375,4.56304363084563,9.236648559570312
4635,4.577107906341553,0.37025046,3.0160508,11.095458984375,0.5997467041015625,2.476478560045283,5.528358459472656
4636,3.908418655395508,0.32821503,1.7693412,65.0673828125,3.33477783203125,0.1745815817187797,0.446319580078125
4637,4.286071300506592,0.75236607,2.764853,128.63330078125,10.497142791748047,3.619892092429783,9.018302917480469
4638,4.385710716247559,1.0365863,6.668884,986.585205078125,6.180446624755859,1.2981625061461983,8.488555908203125
4639,3.5731141567230225,1.1874559,2.997799,249.61865234375,8.312854766845703,2.5511655289101576,8.002243041992188
4640,3.3743834495544434,0.85819036,3.5710838,65.294189453125,2.3896026611328125,5.123468957049091,11.937484741210938
4641,4.353695869445801,0.24051662,0.47119212,22.195556640625,4.804676055908203,0.4468484257288097,1.1903610229492188
4642,4.11328649520874,1.1698283,4.2783885,1497.3555908203125,4.217227935791016,7.418773510796694,22.145668029785156
4643,2.484065055847168,0.63501793,3.2217388,83.7127685546875,3.4117393493652344,2.4067860967728585,5.11688232421875
4644,4.310826301574707,0.9476604,3.4097643,126.2314453125,0.44921112060546875,7.6397374646806036,18.024627685546875
4645,3.411489248275757,0.45831576,1.5209081,81.754638671875,1.8892440795898438,1.4299795316604929,2.5068283081054688
4646,3.9816460609436035,0.57517433,2.1959488,215.8759765625,4.183689117431641,3.7726259667210726,8.81927490234375
4647,3.512831926345825,0.8774891,2.8900626,181.8912353515625,0.6277008056640625,0.6251054279421417,2.6171340942382812
4648,3.9910454750061035,0.9502861,4.5945005,35.017822265625,4.235095977783203,5.8855162729356785,13.511810302734375
4649,2.4517219066619873,1.0559996,2.367016,193.015380859375,2.294178009033203,4.116761294522615,7.575263977050781
4650,2.048035144805908,3.0704372,9.63318,159.859375,14.86044692993164,10.507704586556791,26.15435028076172
4651,3.5182759761810303,0.99824923,5.279929,938.921630859375,4.8972930908203125,0.30411736156125,3.1469573974609375
4652,3.4098093509674072,1.0981555,7.29225,178.493408203125,9.515460968017578,3.164538127367706,9.809219360351562
4653,3.146038770675659,0.98894113,4.4634395,335.2464599609375,0.6410980224609375,0.6204393941134541,0.3884124755859375
4654,4.444392204284668,0.19976002,1.7765408,242.2947998046875,0.28726959228515625,0.21031906814721069,1.7354660034179688
4655,2.689859628677368,0.67190313,1.5140245,103.86328125,7.105495452880859,2.399005693187547,4.666526794433594
4656,3.675405502319336,0.7455048,2.338614,391.306640625,6.334781646728516,3.6464408471023226,8.592742919921875
4657,4.052483558654785,0.33428136,0.90788555,114.574951171875,4.970745086669922,4.349485377017075,7.289512634277344
4658,4.521668434143066,0.7648125,2.7522142,182.881103515625,1.6105690002441406,0.4360491796200705,0.7414932250976562
4659,2.7471606731414795,1.2809722,5.2345905,252.9915771484375,8.946121215820312,3.485002356029515,9.895072937011719
4660,2.4983255863189697,1.9416658,4.0254583,320.443115234375,14.174999237060547,8.086957010423,18.762474060058594
4661,2.5163400173187256,1.1762509,2.5989633,454.618896484375,5.919456481933594,0.3496268620862928,0.23838043212890625
4662,4.194812297821045,0.5945894,3.2197516,54.7958984375,6.846748352050781,5.367425667049105,13.357780456542969
4663,2.8052003383636475,1.8735842,6.807414,296.253662109375,10.664875030517578,2.7628949328240893,6.216270446777344
4664,4.458188533782959,0.7459743,3.4271796,32.05078125,1.5383415222167969,1.4672814078464143,5.364997863769531
4665,2.9854118824005127,0.66428113,2.0322685,85.21630859375,8.840015411376953,4.680854355553741,9.093086242675781
4666,4.31555700302124,0.7295175,1.1126144,455.2412109375,3.2915496826171875,0.7444750117760464,0.8627777099609375
4667,4.37615442276001,1.2425265,2.8590028,67.95458984375,5.752174377441406,6.21025396715158,15.553359985351562
4668,3.936218023300171,0.8535552,2.4755175,553.1240234375,2.4174346923828125,1.1995990360672693,2.8682479858398438
4669,3.7749319076538086,0.3393685,1.1024418,12.632080078125,6.50421142578125,6.136900480884446,11.715476989746094
4670,2.902836799621582,0.69059974,3.350872,86.945556640625,2.8579025268554688,2.050914572995879,4.909416198730469
4671,3.4910974502563477,0.69428587,2.8789012,247.705322265625,3.296051025390625,3.7525636410817995,7.8078460693359375
4672,3.9497246742248535,0.6974675,3.537365,199.212646484375,2.0965538024902344,3.853094917037449,9.204849243164062
4673,4.51203727722168,0.6939121,2.619662,59.1494140625,3.784473419189453,6.451146732008695,15.878570556640625
4674,2.3624768257141113,0.8248306,3.3405385,134.3720703125,9.260108947753906,1.226494623079585,4.807441711425781
4675,2.9598708152770996,0.887265,1.7814797,690.607421875,3.7633018493652344,0.8583086537021494,0.42801666259765625
4676,4.019219875335693,1.0711236,4.994399,1400.5096435546875,3.1271820068359375,1.826440094150449,12.336593627929688
4677,3.8213863372802734,0.3620577,2.2544072,9.698486328125,3.325786590576172,4.22749027615118,9.497367858886719
4678,3.017197370529175,1.0564895,3.2483304,134.404541015625,2.8494720458984375,5.341936917914712,11.999000549316406
4679,4.304018497467041,0.7992999,3.0192196,46.731689453125,3.639087677001953,4.118004980731829,9.791305541992188
4680,3.0410187244415283,1.1492167,1.6409659,7.044921875,11.055980682373047,1.359329498411192,3.9412307739257812
4681,4.078673362731934,0.82594824,2.6670089,314.4796142578125,4.124042510986328,1.411982424242158,2.047821044921875
4682,4.256138324737549,0.53411496,2.606128,248.758544921875,3.5465736389160156,4.874160444278914,12.015647888183594
4683,4.0326457023620605,0.7601587,1.3550353,437.4931640625,2.3093643188476562,1.8738758472802814,4.534858703613281
4684,3.9775402545928955,1.0016978,4.880787,360.17041015625,0.26738739013671875,4.942142087462898,12.93194580078125
4685,3.6061601638793945,1.2132276,5.478814,1066.760009765625,8.586479187011719,0.2587949378531178,6.093910217285156
4686,3.2495687007904053,0.7286752,3.2530186,618.651123046875,0.02234649658203125,4.130171064881225,10.384445190429688
4687,4.432035446166992,0.39944324,1.4363239,231.380126953125,1.0641632080078125,0.2225717966186096,0.79632568359375
4688,4.375378608703613,0.83908755,4.963875,47.777587890625,8.166072845458984,3.4089460571435914,8.113166809082031
4689,2.3865609169006348,0.4746114,2.125454,91.21923828125,5.209819793701172,0.3543838152551224,0.2293548583984375
4690,3.986846685409546,0.6376713,4.4252644,100.56689453125,4.831554412841797,3.1644062490469658,7.7291717529296875
4691,2.9389333724975586,0.62604684,1.3439716,65.27880859375,2.6771697998046875,0.2629134943210403,0.25785064697265625
4692,4.42047119140625,0.3378311,3.2549403,133.53662109375,2.030029296875,4.459582175239504,10.636795043945312
4693,4.060337543487549,0.40498328,1.0353792,288.05517578125,6.793834686279297,1.8100557774068484,3.8508148193359375
4694,2.3180630207061768,1.6218637,6.9451065,120.4735107421875,6.462791442871094,4.071671766052042,9.587413787841797
4695,3.007404327392578,0.52088416,2.370871,295.9716796875,5.1497650146484375,5.086785092790837,13.603561401367188
4696,3.8115921020507812,1.5562783,5.5984364,161.526123046875,8.960018157958984,6.830745895840959,16.261524200439453
4697,4.286715984344482,0.4746062,2.4461367,44.795654296875,5.500782012939453,1.6911605794909086,4.1804962158203125
4698,3.21767520904541,2.0208104,11.334012,240.537353515625,9.20254898071289,6.692006090782648,18.0697021484375
4699,2.936877727508545,1.3389927,2.6142747,277.45068359375,11.654937744140625,3.8231894112963793,9.978492736816406
4700,4.331390857696533,0.5029238,2.3218493,120.739990234375,2.0095443725585938,4.361829551970619,10.376640319824219
4701,4.179896354675293,0.6901688,1.3640839,331.043212890625,1.5954246520996094,4.652266164181096,8.446395874023438
4702,2.7878053188323975,1.6655307,7.184,9.781982421875,9.27786636352539,5.402750959813439,13.329059600830078
4703,4.274135589599609,0.42174125,2.167116,186.38720703125,4.843513488769531,0.2643742780348717,1.636688232421875
4704,2.61708927154541,1.8530844,8.841063,241.120849609375,12.827009201049805,11.080143993076401,26.264503479003906
4705,4.602649211883545,0.5615328,1.9278643,168.3173828125,1.0113449096679688,4.652969960661743,9.782981872558594
4706,4.256903648376465,1.0904881,5.3615446,20.0087890625,4.0625457763671875,6.6878556404360765,16.293617248535156
4707,3.898427724838257,0.84305906,2.4199307,24.3016357421875,2.7241287231445312,0.238789285700598,4.542716979980469
4708,3.912830352783203,0.5388623,1.5532466,89.98193359375,8.796466827392578,4.681568042043626,9.209434509277344
4709,4.306262016296387,0.8412381,1.5679723,299.971923828125,4.546909332275391,0.9088552791230313,2.7700119018554688
4710,4.133701324462891,0.86122364,2.6675909,308.7373046875,6.756511688232422,0.2721550355933182,1.4121475219726562
4711,4.1092634201049805,0.4830872,1.5441666,54.506103515625,5.672966003417969,1.2652645222713765,3.3653411865234375
4712,3.8114569187164307,1.0222394,3.6914787,85.70751953125,3.319286346435547,4.348042999879425,10.820869445800781
4713,3.3330600261688232,0.9948433,2.8910773,129.847900390625,4.287860870361328,2.642434888196373,6.124946594238281
4714,3.858175277709961,0.33108982,3.1048079,149.9630126953125,5.384376525878906,0.09149877417995711,1.090789794921875
4715,2.6053450107574463,1.1285707,6.181476,265.763671875,4.5638885498046875,0.7638689148739068,2.6179046630859375
4716,4.188305854797363,0.75728816,1.6224643,103.6865234375,3.5573806762695312,1.992955961529752,5.518440246582031
4717,4.244199275970459,0.390105,1.5077636,270.47998046875,1.3000640869140625,0.2343760080802042,0.22856903076171875
4718,3.66209077835083,0.38321638,1.4912436,124.2930908203125,1.1195335388183594,1.1058811924911538,2.7686233520507812
4719,2.9079413414001465,0.5962402,2.2045178,295.28466796875,3.6616592407226562,4.499698513762848,10.17584228515625
4720,4.266143321990967,1.3725706,3.6917465,212.775390625,4.431537628173828,7.981003481641789,22.01812744140625
4721,3.415018081665039,1.1477875,5.774467,1176.505126953125,4.57421875,3.6778544156990662,14.208084106445312
4722,4.0302958488464355,0.515459,1.4999708,562.748046875,7.041194915771484,4.601020682672573,11.294685363769531
4723,3.9799716472625732,1.6329746,7.797066,33.14013671875,7.289710998535156,9.166194053151091,21.11901092529297
4724,3.4274559020996094,1.12451,4.4685187,202.6572265625,10.727481842041016,8.34174374235618,18.384521484375
4725,3.3844833374023438,1.5551873,4.716054,697.426025390625,2.0254173278808594,1.236121425125745,2.5789260864257812
4726,3.235985517501831,0.9637389,5.0153317,212.4556884765625,4.646324157714844,4.046892700112732,8.326370239257812
4727,3.7972731590270996,0.4222513,1.5403051,449.781005859375,4.909324645996094,1.1857141639487523,4.5677490234375
4728,4.392836570739746,0.42488614,1.2567428,95.593505859375,2.6221923828125,0.37060355632516107,1.89434814453125
4729,4.153292179107666,0.37480703,1.5201395,41.98095703125,2.0818099975585938,2.5822690614847197,6.030433654785156
4730,3.9190685749053955,0.7748833,3.7211,134.443115234375,3.019794464111328,1.4087974583938347,2.665851593017578
4731,3.71791410446167,0.4005297,2.9020605,35.5615234375,2.6554336547851562,4.151180994983502,9.282791137695312
4732,3.9067749977111816,0.5046933,3.620317,195.11328125,2.095123291015625,6.675657545948958,14.55279541015625
4733,2.2820818424224854,1.0751309,6.70285,234.4439697265625,10.258903503417969,4.687854880265778,10.017448425292969
4734,3.4489147663116455,0.454365,1.6365339,91.891845703125,7.761867523193359,2.815687622643239,5.802635192871094
4735,4.521970748901367,0.25645447,1.9663297,131.679443359375,1.0858688354492188,1.5381654510993918,4.3602752685546875
4736,3.7208971977233887,0.5994329,1.4592066,203.987060546875,6.861736297607422,2.6628492621871764,6.128692626953125
4737,2.8750102519989014,0.5766571,0.97829044,104.347412109375,7.980304718017578,1.1244040176898196,2.4442291259765625
4738,4.2205424308776855,1.2067558,7.3203926,676.52978515625,4.3914794921875,0.803947569657133,1.2381210327148438
4739,3.8031861782073975,0.60629636,3.0343082,239.435302734375,3.811908721923828,1.0320006710038498,1.5576171875
4740,4.121763706207275,1.6996962,7.2825613,156.450927734375,3.1918067932128906,7.7077831438321915,18.73931884765625
4741,4.079698085784912,1.0478852,4.401975,1272.5303955078125,2.0783843994140625,2.195733423812918,8.439811706542969
4742,4.279588222503662,0.4478301,1.7630956,5.35009765625,1.326904296875,1.4856277945066623,3.97662353515625
4743,2.2098886966705322,0.84156036,2.2841887,404.909423828125,13.203834533691406,2.3724839220139593,3.5543441772460938
4744,4.559019088745117,0.3729919,1.1298851,108.842041015625,2.4282379150390625,0.08486309647222257,0.2083587646484375
4745,4.411289691925049,0.6814334,1.1657022,104.073974609375,0.13520050048828125,3.114995987996224,8.540374755859375
4746,2.951998233795166,1.1306193,6.59462,1081.5589599609375,0.5997276306152344,2.241384391449497,11.835960388183594
4747,3.3933217525482178,0.75374335,2.4555538,493.775634765625,1.7328147888183594,4.420174534572848,9.226432800292969
4748,3.4423322677612305,1.5751266,7.2984962,312.428955078125,9.127704620361328,4.981514158541433,11.567207336425781
4749,2.483750820159912,2.1576576,11.193871,190.4931640625,12.02426528930664,6.309561464462686,15.877555847167969
4750,1.9955158233642578,3.1257951,10.277371,92.353515625,12.507488250732422,10.681428827508647,28.39440155029297
4751,4.060002326965332,1.2367562,12.273231,1472.413330078125,8.019134521484375,7.51724877668337,23.11174774169922
4752,3.5339109897613525,0.8792207,1.6842554,261.48681640625,7.956050872802734,1.5595411944449076,4.192283630371094
4753,3.1326723098754883,0.5919235,1.5005473,21.07373046875,9.566020965576172,2.1028247274379446,5.062126159667969
4754,3.391430616378784,0.7596361,4.01338,70.0262451171875,3.7526168823242188,0.09103620370934351,1.4898910522460938
4755,2.8768396377563477,0.45437896,1.3912895,128.783935546875,8.579662322998047,2.6610422684557413,5.9295196533203125
4756,3.64758563041687,1.372765,3.4458976,368.108642578125,10.039756774902344,2.024096003452552,4.350006103515625
4757,3.196864366531372,0.84862727,2.8929262,488.638427734375,13.914684295654297,4.684985254267669,11.731101989746094
4758,3.613509178161621,0.81706923,3.5477295,67.8123779296875,4.050136566162109,1.9227427370837376,5.693412780761719
4759,1.101442575454712,3.356475,15.454107,53.22705078125,18.914241790771484,7.324168967254664,18.812618255615234
4760,4.119756698608398,0.70063704,5.6152353,305.6123046875,6.1730804443359375,7.5151207799083934,16.771690368652344
4761,4.036307334899902,0.6091774,1.6158321,30.29150390625,9.418914794921875,2.768218858664067,6.785911560058594
4762,3.6608612537384033,0.3511589,1.5089718,77.140869140625,0.7772331237792969,1.6092532580263246,4.00054931640625
4763,3.1429684162139893,2.431457,9.177285,228.640380859375,10.180770874023438,9.581060954836186,24.45105743408203
4764,3.5745625495910645,1.7114478,7.1267257,202.386962890625,3.7116851806640625,8.1630479205785,18.95354461669922
4765,3.77204966545105,0.7043173,3.378663,187.79931640625,3.8838844299316406,4.506021695870974,9.645072937011719
4766,4.166306972503662,0.23088473,1.2917873,90.6168212890625,0.5316658020019531,1.701563335436564,4.318359375
4767,4.513462066650391,1.1740992,1.2335262,1216.449951171875,2.1763687133789062,2.0182330541116116,3.457489013671875
4768,4.190258979797363,0.835376,3.7276826,341.744384765625,2.620983123779297,0.17895543588207374,1.94769287109375
4769,1.2428866624832153,3.7207298,15.593301,65.33154296875,22.62788963317871,8.127855175211081,23.77621078491211
4770,4.070312023162842,0.7461341,4.169869,244.9180908203125,2.4973983764648438,3.4141086172439685,7.307762145996094
4771,3.3801956176757812,0.6581817,4.1302357,176.1009521484375,6.001346588134766,0.431382718017975,2.2286148071289062
4772,4.149351119995117,0.65870494,2.19685,285.126708984375,0.9387092590332031,3.2949649575948072,5.876434326171875
4773,3.096553087234497,0.9557558,4.0567145,121.36669921875,4.806926727294922,2.8831952786265482,5.960601806640625
4774,3.4432947635650635,1.6235485,5.464857,114.1220703125,6.006458282470703,10.430485912074044,24.07293701171875
4775,3.406330108642578,1.0587798,2.7317245,10.2803955078125,1.7787551879882812,3.0577398013072035,6.893363952636719
4776,4.154980659484863,0.64789534,2.7078905,52.0802001953125,1.5385093688964844,0.15961625571790705,0.22039031982421875
4777,3.8549318313598633,1.5425252,9.9944105,125.9912109375,7.608123779296875,7.956033991974294,18.902130126953125
4778,4.216151714324951,0.41706064,1.1506697,64.839599609375,4.995948791503906,0.9068758620094108,3.1752395629882812
4779,3.399553060531616,1.0451905,4.864666,126.792236328125,5.387939453125,3.043154946571782,8.139541625976562
4780,4.194951057434082,0.9732359,4.764124,94.490478515625,7.8296356201171875,5.1511764020344515,11.090606689453125
4781,2.4814529418945312,0.6640201,1.3979826,113.482421875,12.989151000976562,2.9287780012133133,4.673736572265625
4782,4.07067346572876,0.65816736,3.119017,84.784912109375,2.7231903076171875,7.866198508716803,18.07831573486328
4783,3.75476336479187,0.75809956,3.3322523,121.895263671875,5.6419677734375,5.056912282454068,12.559539794921875
4784,4.279683589935303,0.8479228,3.6081364,206.38671875,2.7115440368652344,2.463300223761067,3.9237289428710938
4785,4.562256336212158,0.800477,4.4416056,95.427490234375,1.5228538513183594,2.9429948813086,7.1153717041015625
4786,2.8037965297698975,2.4901004,10.414785,5.842529296875,11.993724822998047,10.288367972142247,25.655555725097656
4787,4.033849716186523,0.7849929,5.0252004,61.8623046875,2.4266891479492188,5.713770177496997,13.076339721679688
4788,3.5994350910186768,0.5983453,2.2246108,223.449951171875,8.591983795166016,0.43574636568367353,0.9314117431640625
4789,2.9937214851379395,1.2558569,5.6558647,1260.5789794921875,3.2179908752441406,4.7831337223179204,16.407730102539062
4790,3.8012120723724365,0.6583884,1.5054588,612.701904296875,5.727619171142578,2.4198747814877564,6.133087158203125
4791,2.9461066722869873,0.47599626,0.88226724,240.797119140625,10.201831817626953,2.2666123049802174,4.530189514160156
4792,4.343072414398193,0.2007879,0.47123086,15.795654296875,0.07551956176757812,0.9020551672321488,1.50115966796875
4793,4.151094436645508,0.55146974,2.1107666,220.0751953125,1.1550521850585938,4.223854579989887,10.747932434082031
4794,4.37828254699707,0.5945969,1.7563632,26.861328125,3.0562515258789062,1.272626005539255,3.590850830078125
4795,3.2382454872131348,0.8016588,7.0499673,458.96875,0.9310684204101562,8.283745846112406,20.21605682373047
4796,3.4952762126922607,0.5149848,2.283512,88.380859375,1.8962020874023438,4.4626983948770444,9.647720336914062
4797,4.483146667480469,0.25497237,0.93274707,15.84912109375,0.02333831787109375,1.087198688270064,2.018829345703125
4798,1.186315894126892,3.3216734,16.328241,172.152587890625,16.999719619750977,8.686960265412097,20.95849609375
4799,4.038522720336914,1.0465792,3.8933702,136.61181640625,6.1737823486328125,2.3496992912657255,6.064308166503906
4800,3.0414698123931885,1.1046807,6.070148,1252.6480712890625,9.557456970214844,4.592216638948614,17.174209594726562
4801,4.01067590713501,1.1418791,4.8687253,1308.927001953125,4.3431854248046875,4.811482018689766,15.857002258300781
4802,4.568288326263428,0.9737477,3.010433,166.79052734375,2.4221153259277344,8.40526590450802,19.622047424316406
4803,3.618643045425415,0.84917015,3.611729,139.506591796875,5.821983337402344,2.328079591933541,6.1470489501953125
4804,3.6064536571502686,0.80133516,5.2140126,28.350341796875,4.787685394287109,2.6999462156034113,6.3548583984375
4805,4.0519700050354,0.33817244,0.9258082,81.9599609375,9.351619720458984,1.1928766584488777,2.1794586181640625
4806,3.9257659912109375,0.4012839,1.1783078,142.2939453125,7.077739715576172,4.936990628370129,10.40240478515625
4807,3.9326465129852295,1.3117379,5.2058496,234.72314453125,5.252689361572266,2.002996583963853,5.1450653076171875
4808,2.414271831512451,0.6512432,2.026104,198.8125,6.607158660888672,0.34804663684959536,1.0284500122070312
4809,3.0408031940460205,0.5027389,1.8099948,4.371337890625,3.3726158142089844,0.9961536857351199,2.52215576171875
4810,3.458996534347534,1.0642647,3.6983452,1048.835693359375,0.6340255737304688,2.0876820839831645,12.100128173828125
4811,3.641214609146118,0.6882387,1.5524192,445.480224609375,6.541637420654297,3.2067612583793554,4.891326904296875
4812,3.46852445602417,0.67516035,2.795908,584.224609375,9.479583740234375,2.232304122493975,5.046905517578125
4813,3.172651529312134,1.5759023,6.6752515,207.4932861328125,3.8401107788085938,3.118395658514615,6.130382537841797
4814,1.9849483966827393,2.2785935,11.375856,79.712158203125,12.7567138671875,6.353111216769442,15.441352844238281
4815,2.6083219051361084,1.0071692,1.7693921,288.75048828125,9.953563690185547,0.5100365754491385,1.1902008056640625
4816,3.917712688446045,0.5647792,1.3863282,443.439453125,7.557636260986328,1.9742533454230973,3.6363677978515625
4817,2.5536253452301025,1.650526,5.9335923,275.6168212890625,0.8448104858398438,9.677081783729502,20.70386505126953
4818,2.625558614730835,0.952909,4.392289,404.1759033203125,6.255382537841797,1.622904488786297,6.557044982910156
4819,3.1631813049316406,0.39916635,3.523481,144.063232421875,0.9604034423828125,0.3498154663520552,1.4205093383789062
4820,3.732905626296997,0.38686505,2.3872828,273.5284423828125,2.0931472778320312,0.7604994707509078,2.4227981567382812
4821,3.425675392150879,0.98981446,3.1721737,772.4267578125,3.1439437866210938,4.589064045968808,10.46112060546875
4822,4.332613945007324,0.39227283,1.4109505,96.5380859375,3.409393310546875,0.9882205968281141,1.5579681396484375
4823,2.714392900466919,0.77548265,1.7955068,228.707275390625,5.38177490234375,1.7932170450665552,2.799591064453125
4824,3.962301731109619,0.9250627,3.934339,41.5313720703125,7.276561737060547,3.6243058614585664,10.461166381835938
4825,3.2622547149658203,1.0257491,4.070143,52.816162109375,6.868988037109375,1.5510797213468592,6.790168762207031
4826,4.476786136627197,0.7742725,2.7592669,120.44921875,0.5546951293945312,4.473418522203151,10.065055847167969
4827,1.227134108543396,3.0588331,11.877855,151.38818359375,14.702726364135742,7.18286596099199,19.921314239501953
4828,4.140131950378418,1.6265515,6.28698,363.4395751953125,1.9504318237304688,9.985379039715845,21.288795471191406
4829,2.476407766342163,1.197729,5.3289905,1143.932373046875,0.41490936279296875,0.09338698481847629,6.386405944824219
4830,4.236562728881836,0.2836709,1.4751201,111.0693359375,0.7641448974609375,1.2296069972037316,1.88525390625
4831,3.071906566619873,0.47836718,2.7868388,54.059814453125,7.228729248046875,4.730456696771505,10.919387817382812
4832,4.171546936035156,1.0152494,4.377492,59.859619140625,0.97442626953125,7.592592319377726,17.51941680908203
4833,3.6427788734436035,0.76278925,1.2687318,812.62060546875,8.109405517578125,2.260123898414605,3.6810684204101562
4834,4.428091526031494,0.25216955,1.3109268,279.247802734375,0.5740890502929688,4.975781542579043,10.358482360839844
4835,3.5326881408691406,0.9352145,3.6988168,521.11328125,0.9301033020019531,5.41949147594914,14.362709045410156
4836,3.7995095252990723,0.79907876,5.700227,73.7410888671875,1.2294807434082031,4.945125486450134,11.676101684570312
4837,4.147897720336914,0.52185243,0.92094386,123.9306640625,8.280155181884766,2.58048434057185,5.144989013671875
4838,4.133269786834717,0.4309161,2.0132408,122.3544921875,0.7018699645996094,0.8856117466355542,1.5942764282226562
4839,3.9010350704193115,1.4427553,3.8082976,399.26171875,0.49002838134765625,1.514963135200972,2.7910232543945312
4840,2.3674001693725586,2.3463576,7.312811,245.97705078125,7.816967010498047,8.81704245134431,21.55248260498047
4841,3.8934578895568848,0.5999022,2.0217142,5.40673828125,6.274818420410156,4.522338965704144,11.2506103515625
4842,1.5463716983795166,3.4767306,16.707033,94.539794921875,36.67618179321289,14.063427182684094,33.701107025146484
4843,4.581617832183838,0.7825164,2.723705,31.72412109375,1.3890571594238281,6.386614077161813,14.334922790527344
4844,4.249594688415527,0.47209546,2.3453236,151.957275390625,0.12434005737304688,1.8147340030585397,2.976806640625
4845,4.291651725769043,1.1138086,5.998208,849.373291015625,7.639034271240234,0.598784093232954,4.088691711425781
4846,3.774782419204712,1.0780538,3.9332466,142.1158447265625,1.3007011413574219,0.07529452736236664,0.2788238525390625
4847,3.2231340408325195,0.8859369,4.363661,11.56201171875,4.525081634521484,3.566246985259891,8.994918823242188
4848,2.4164135456085205,1.361123,4.8114114,164.224609375,3.8285560607910156,4.4534141868272705,9.330795288085938
4849,3.4068634510040283,1.058042,3.8146858,63.475341796875,1.6400833129882812,1.350291964011511,5.66448974609375
4850,3.142087936401367,0.5367326,1.9439418,109.36962890625,7.742424011230469,3.621783715114997,8.36334228515625
4851,3.9579737186431885,0.38126194,1.4863427,28.47998046875,9.992538452148438,3.3099098207461033,7.578987121582031
4852,3.254767417907715,0.78652716,2.5746598,9.2890625,6.446929931640625,1.4359786321280446,3.4151992797851562
4853,1.3180110454559326,3.037631,15.273588,94.146484375,13.212574005126953,6.398348956552528,16.8240966796875
4854,4.251006603240967,0.30677012,2.215664,138.490966796875,5.578910827636719,0.9746222467447261,0.7375564575195312
4855,4.1758341789245605,0.5164568,2.1116111,120.70703125,4.5456085205078125,3.6143594148564837,8.804222106933594
4856,2.984656810760498,0.7073996,1.6652839,323.470947265625,11.778003692626953,1.7523866016091922,2.5491180419921875
4857,3.1310441493988037,0.4324226,0.7604921,342.114501953125,3.4041366577148438,5.490416120198756,12.281784057617188
4858,4.381433486938477,1.103509,4.477989,974.400390625,4.581417083740234,3.469919194931986,11.891525268554688
4859,3.5272369384765625,0.63730544,1.1011732,675.72265625,7.648094177246094,1.700699750725395,3.7519607543945312
4860,4.060933589935303,1.200069,3.745916,1524.84130859375,5.045360565185547,6.746295880621471,23.159706115722656
4861,3.262636184692383,1.0621388,5.084012,997.577392578125,0.7375526428222656,1.6623193130920484,7.3854827880859375
4862,4.403866291046143,0.7426563,1.9883685,165.079345703125,2.136951446533203,1.5729867003241118,2.6098098754882812
4863,2.5555872917175293,2.8815625,9.9755745,37.242431640625,11.06637191772461,13.316930060478942,32.69957733154297
4864,4.080008029937744,1.0480791,5.652783,1172.6773681640625,0.057712554931640625,5.064334426047328,18.83599853515625
4865,4.2673563957214355,0.50028646,2.6677423,87.0517578125,2.4416275024414062,2.0429662790398098,4.900016784667969
4866,1.876104474067688,2.0260541,10.121621,293.83447265625,11.59885025024414,5.392995382088554,11.561214447021484
4867,2.719895362854004,0.6717537,3.6866121,198.855224609375,3.3924942016601562,0.4239911238790697,3.2757492065429688
4868,3.7487120628356934,0.685518,2.3545127,394.973388671875,12.370033264160156,0.8922310488793919,0.5189437866210938
4869,1.9330118894577026,1.7489485,6.2076254,13.4134521484375,6.419868469238281,3.8665577493116103,11.34344482421875
4870,3.6130166053771973,1.1668159,3.5564706,53.3291015625,6.031364440917969,2.0693538557459483,5.6974639892578125
4871,3.7191734313964844,1.1153138,2.0806117,375.989013671875,6.128662109375,0.7245689205286219,2.7505874633789062
4872,3.510528564453125,0.58319217,2.1216075,301.0753173828125,0.9203414916992188,0.24437617913546816,0.17296600341796875
4873,3.4100797176361084,0.34146428,2.2137282,238.6673583984375,6.388420104980469,3.4147089489074105,8.67193603515625
4874,3.473747968673706,0.70717937,3.6894445,456.799072265625,2.4001846313476562,3.572566108429161,9.839797973632812
4875,4.042606830596924,0.6623341,2.2303195,247.21875,0.9464797973632812,1.4958420694038814,4.0127105712890625
4876,3.923724412918091,1.1353009,4.5265474,85.851806640625,9.902473449707031,4.996697532726284,12.054061889648438
4877,3.6207499504089355,1.4512469,5.703081,121.098876953125,5.4655609130859375,6.0087810168367,13.288581848144531
4878,3.5024964809417725,0.6543465,1.7032411,249.809814453125,7.573707580566406,4.332290818109762,8.487136840820312
4879,4.0931315422058105,1.0337384,4.154602,322.69970703125,0.24251556396484375,2.2799738872718294,6.934257507324219
4880,3.9427449703216553,0.5391073,3.1048656,11.745361328125,3.7914276123046875,4.380638873156823,9.048652648925781
4881,3.2233617305755615,1.6154056,5.937024,138.1566162109375,12.22628402709961,2.8623379406471336,7.3285369873046875
4882,3.8541982173919678,0.54009134,1.8062468,521.479248046875,2.9055328369140625,5.197252285074665,12.083702087402344
4883,3.066969871520996,1.1973369,8.333033,1273.6138916015625,10.0704345703125,4.72328843495611,18.143699645996094
4884,4.125192642211914,0.5228289,2.5605965,263.89990234375,3.3959999084472656,5.180348330301197,11.31292724609375
4885,4.227049350738525,0.43476644,1.8834258,175.530029296875,4.126625061035156,1.704218880005964,4.1492767333984375
4886,1.150004506111145,2.8989155,6.736945,232.4703369140625,6.087455749511719,1.084271183208159,4.4360504150390625
4887,3.692533254623413,1.2652534,3.771427,247.08544921875,4.5552520751953125,4.595148038475294,9.994400024414062
4888,3.860191822052002,1.029123,4.705007,227.8760986328125,3.3498382568359375,2.7742167491109626,6.324180603027344
4889,3.8521015644073486,0.5137915,1.2874084,345.4716796875,2.271862030029297,3.618129370017428,8.705490112304688
4890,4.461790561676025,0.5585054,3.4311678,29.816162109375,0.98724365234375,4.592634449538615,10.449996948242188
4891,3.839168071746826,0.95068055,2.5659082,266.19287109375,0.5054664611816406,7.115307804221498,15.630111694335938
4892,3.6350817680358887,0.4013076,1.4463283,52.949951171875,4.371585845947266,1.4341412581898823,2.0411911010742188
4893,2.746236801147461,0.7153878,1.6687319,443.180908203125,1.264312744140625,2.7802083138527145,6.5230865478515625
4894,2.778470516204834,2.3165493,6.575276,394.186279296875,7.051727294921875,3.995511469450797,9.426620483398438
4895,3.2842304706573486,0.49743545,0.79386944,174.346435546875,7.690277099609375,0.2074779145677077,0.0719146728515625
4896,2.9750897884368896,2.150463,10.170126,893.46337890625,8.776050567626953,3.7816863510546455,9.852943420410156
4897,1.2246596813201904,2.8639002,11.226606,232.29736328125,14.380729675292969,6.151414122555124,14.467174530029297
4898,4.377851486206055,0.9703122,5.4000683,66.29052734375,1.1042861938476562,5.283088069915763,12.622001647949219
4899,2.7734484672546387,0.7371238,0.9921763,213.6650390625,15.321403503417969,0.6417210128938464,3.3463897705078125
4900,4.248563766479492,0.59454435,1.8504462,13.3831787109375,2.93218994140625,3.595645855594629,7.8594207763671875
4901,3.7833681106567383,0.74860907,4.1134024,31.0009765625,0.10270309448242188,3.2156077383899806,8.276771545410156
4902,3.8248846530914307,0.6361754,3.760613,173.8765869140625,6.718803405761719,4.42165592524054,11.113861083984375
4903,3.479238986968994,0.65795606,1.6692848,73.48291015625,1.3972892761230469,0.15032737911943173,0.6272659301757812
4904,3.690673828125,1.7065144,10.44156,19.10302734375,7.969776153564453,5.58365693804436,15.722694396972656
4905,3.604926586151123,1.2839271,6.439172,109.94873046875,5.225494384765625,2.963189724789185,9.147552490234375
4906,3.9617841243743896,0.5207148,1.6109449,129.27392578125,8.318973541259766,3.1023201595488388,6.568321228027344
4907,2.921863555908203,0.43333626,1.1628497,57.678466796875,4.618232727050781,3.0228263606560972,7.619026184082031
4908,2.3909637928009033,0.928767,4.518232,49.0760498046875,4.748809814453125,0.06050436160634476,0.16025161743164062
4909,4.038300514221191,0.3923987,2.795916,273.0322265625,0.5768585205078125,0.9176923256308811,0.7707443237304688
4910,3.478752851486206,0.7796149,2.272469,952.45458984375,10.635665893554688,0.5323527223544957,2.2544174194335938
4911,3.8369011878967285,2.27601,7.6616697,5.782470703125,6.574726104736328,9.233645147789886,23.351356506347656
4912,3.969580888748169,0.54075104,2.5086172,321.175537109375,6.4976806640625,6.4332664784445015,13.795494079589844
4913,3.0936167240142822,0.37535712,3.091644,187.67919921875,4.202606201171875,3.2204697066561394,8.61077880859375
4914,4.14016580581665,0.53133774,3.218383,367.5999755859375,0.24927520751953125,2.028591579362434,3.5731887817382812
4915,2.645878553390503,1.4020602,2.6397347,352.334228515625,6.361476898193359,7.02653044642863,15.512466430664062
4916,2.2281248569488525,0.8120802,4.8924184,4.635498046875,10.099658966064453,1.368459909008788,3.7264785766601562
4917,4.3323163986206055,0.9544172,4.8163943,54.9951171875,1.1923408508300781,8.347120105079352,19.153823852539062
4918,4.155974864959717,0.7475578,2.1539187,64.9146728515625,4.067066192626953,1.4086395283951205,3.923553466796875
4919,3.638427734375,0.34634957,2.1340957,142.833740234375,3.6703414916992188,6.577990435728157,13.747901916503906
4920,3.9131288528442383,1.4490534,3.7192984,496.025146484375,3.1999130249023438,3.062939318973612,7.972343444824219
4921,2.7621266841888428,1.3758303,6.092902,109.265625,7.265491485595703,2.3998515803907026,6.994781494140625
4922,3.482956886291504,1.6127828,6.1464686,218.83203125,6.139228820800781,7.188438296351073,16.4658203125
4923,3.574364423751831,1.2100879,6.1663094,1490.6654052734375,1.2524909973144531,0.3808910037930602,7.712127685546875
4924,4.39304780960083,0.8805755,3.2574317,10.8466796875,0.7336082458496094,5.484090362952326,14.61236572265625
4925,1.1356723308563232,3.1399543,16.74969,319.47412109375,15.17131233215332,6.154935441886746,19.194122314453125
4926,3.252244472503662,0.82066923,6.2758713,135.7144775390625,3.245563507080078,4.8659889791289,11.376350402832031
4927,4.590095043182373,0.2037705,0.4032955,48.995849609375,0.5242347717285156,0.13759222271427163,0.288299560546875
4928,3.0556042194366455,0.56771356,1.2574866,26.218505859375,4.843852996826172,1.6228062495543831,3.9281463623046875
4929,2.656339645385742,0.84615535,2.578159,74.2508544921875,2.116851806640625,0.8458155414043418,1.2823562622070312
4930,3.1613306999206543,0.76500386,5.251206,155.8712158203125,4.723320007324219,1.382221501360565,3.3803558349609375
4931,4.09113883972168,0.30468866,2.090211,141.9793701171875,1.8266334533691406,1.6724326512626533,2.4951324462890625
4932,3.6944429874420166,1.306058,4.8341775,186.56591796875,6.696109771728516,1.3870936082716412,0.23276519775390625
4933,2.3678739070892334,0.8815991,1.8001298,125.9345703125,8.045528411865234,0.6324433007194195,2.4695663452148438
4934,3.038881301879883,1.4655756,4.955765,20.7115478515625,6.918830871582031,2.3269593015919057,5.9881439208984375
4935,3.267477035522461,1.3909048,8.075059,12.9033203125,0.3280029296875,7.026747014430665,16.360618591308594
4936,3.6287362575531006,0.6165944,2.275586,95.561279296875,4.0399169921875,3.438129514614296,8.249763488769531
4937,2.071904420852661,2.0051138,5.928554,455.139404296875,13.776557922363281,1.8763352180074016,7.5682830810546875
4938,4.043995380401611,0.5289839,1.5615666,345.7333984375,7.174705505371094,0.056938185058385216,0.297637939453125
4939,3.640267848968506,1.3566374,5.8548675,21.1982421875,1.1226348876953125,5.622228396477556,14.349662780761719
4940,3.4499597549438477,1.1640123,2.9608798,253.426513671875,6.036693572998047,1.3252249499730056,7.045845031738281
4941,3.573880195617676,0.5746157,2.1305575,143.151611328125,3.39593505859375,2.910308327930803,6.909873962402344
4942,3.4722423553466797,1.6340235,3.2788167,411.5596923828125,8.048221588134766,0.14798061641753435,3.832611083984375
4943,1.6514379978179932,3.1127746,21.97451,294.12158203125,28.05080795288086,11.621128991431021,30.013507843017578
4944,2.966012477874756,2.065962,4.6638107,121.655029296875,7.972930908203125,4.147170722364521,10.951541900634766
4945,3.5323784351348877,0.7819877,4.1570463,9.3935546875,0.3077278137207031,3.3975861421720097,9.36676025390625
4946,3.7139880657196045,0.7383515,1.3869765,447.972900390625,5.384365081787109,2.1267104129446537,5.88946533203125
4947,4.003747940063477,1.0365125,4.287665,99.49951171875,4.7549285888671875,3.996152125762787,8.66168212890625
4948,4.050853252410889,1.171758,6.6610117,1215.2196044921875,6.581058502197266,8.100826495491258,24.634307861328125
4949,3.4633731842041016,0.6104128,2.042932,32.73876953125,1.2389640808105469,3.645381824445259,9.014251708984375
4950,4.152276039123535,1.0508605,5.265639,82.8994140625,4.9349517822265625,5.7109877370531095,14.323348999023438
4951,4.071756839752197,0.41796732,1.7577289,375.7486572265625,6.8810577392578125,1.176573244952749,1.5578155517578125
4952,2.4918878078460693,1.240611,3.545834,1823.846923828125,1.2712554931640625,5.452320474339263,17.29509735107422
4953,3.784639596939087,1.8093853,7.9617963,504.04931640625,3.525634765625,6.435393713126789,15.974716186523438
4954,3.926025867462158,1.0734515,2.215299,364.111572265625,6.3495635986328125,1.7871171725103139,4.069328308105469
4955,3.391268253326416,1.780018,6.546822,164.838134765625,6.3572845458984375,6.796463574381235,17.10948944091797
4956,1.8418278694152832,1.4041039,5.9015875,296.2044677734375,4.3399810791015625,3.588117320864807,7.353096008300781
4957,3.446282386779785,1.0905228,1.845376,374.36328125,7.604061126708984,1.5014893780779914,3.9958572387695312
4958,4.223394870758057,0.4794581,2.28643,283.485107421875,2.8255271911621094,0.5939035048040004,1.1493453979492188
4959,4.188924789428711,1.5184177,6.142478,144.64111328125,4.541255950927734,10.894380340653779,25.034523010253906
4960,4.216261863708496,1.1330792,5.912916,763.248046875,0.2943916320800781,4.219131761049951,13.859329223632812
4961,3.9673054218292236,0.68672496,2.926933,191.2041015625,3.9029083251953125,1.824262213962605,5.228721618652344
4962,3.568014144897461,0.598664,2.7170064,492.651123046875,2.9386329650878906,4.2529667517024095,9.721466064453125
4963,3.313281536102295,0.4032416,2.5164292,71.8922119140625,5.872352600097656,0.14505182407652484,0.0054473876953125
4964,3.5098752975463867,0.9203906,3.11943,391.614990234375,8.51068115234375,5.998881053096952,13.4715576171875
4965,4.537829399108887,0.28229427,0.9736731,36.7410888671875,0.6331214904785156,0.6177058988872552,1.3216171264648438
4966,2.8616905212402344,1.7395378,9.16129,541.547119140625,12.9522705078125,11.30763119376785,26.574569702148438
4967,3.207691192626953,0.69103163,5.158175,251.654541015625,1.4878158569335938,0.9189535253057173,0.7639236450195312
4968,4.20575475692749,0.9711798,2.9839292,327.771240234375,1.2064971923828125,2.0630088932576918,4.327522277832031
4969,3.472707986831665,1.2358528,3.662342,10.87255859375,7.752288818359375,5.685775349132207,13.863807678222656
4970,4.476578712463379,1.0936335,2.2786853,702.8187255859375,1.0902252197265625,1.851695081976743,2.3300628662109375
4971,1.0897879600524902,2.9619055,11.683903,199.99853515625,15.201679229736328,2.6740027543288853,9.296470642089844
4972,4.227174758911133,1.0188779,3.1843555,532.62255859375,0.15605926513671875,0.018799406889041137,0.7982177734375
4973,3.7680931091308594,0.58135056,3.3601346,199.20068359375,2.2798194885253906,8.695222105838063,19.97821044921875
4974,1.8672397136688232,1.0601188,6.503823,414.189208984375,10.624000549316406,3.6114047628857975,10.074806213378906
4975,2.2091188430786133,0.7455668,2.341721,162.834716796875,9.467018127441406,0.6781113399375371,1.7307357788085938
4976,2.782026529312134,0.8316238,2.5713758,130.97607421875,1.3572845458984375,2.2937853094670473,4.9054412841796875
4977,3.8521804809570312,0.8372031,1.7686651,179.848388671875,9.189579010009766,0.38430628156235613,0.58270263671875
4978,3.5072922706604004,1.8872685,8.085454,141.896728515625,11.313880920410156,7.510564312793299,18.53228759765625
4979,4.444868087768555,0.57648486,2.4546266,86.65283203125,1.1438751220703125,0.6094031697982736,4.8351593017578125
4980,3.6809442043304443,1.1292111,7.8378863,1563.26416015625,3.137298583984375,6.959966825775144,23.470314025878906
4981,3.7598702907562256,1.393802,4.8134775,441.57958984375,3.1048507690429688,3.7246025977739308,8.853126525878906
4982,3.686412811279297,1.7848144,8.625087,360.483154296875,7.392402648925781,8.718543435065811,21.477783203125
4983,4.459288120269775,0.76449585,3.7294607,94.00634765625,0.7902069091796875,6.3111841395281765,14.555206298828125
4984,3.8245575428009033,1.5224777,4.3703985,229.298095703125,8.863677978515625,4.192299846154064,9.280082702636719
4985,2.660886764526367,1.0369469,2.717764,525.211181640625,4.58233642578125,4.716912461800131,10.316520690917969
4986,4.2545318603515625,0.34671965,2.3198814,326.54443359375,5.5966949462890625,5.616419145392733,14.079818725585938
4987,4.233892440795898,0.5386372,1.1657443,441.41015625,9.219478607177734,1.6193215988981748,2.4745864868164062
4988,4.158971786499023,0.8345725,4.216347,8.4111328125,3.5564804077148438,1.3858356384303825,1.189849853515625
4989,3.8673901557922363,0.68908596,2.953684,361.173583984375,6.419246673583984,1.3242933828042105,3.783721923828125
4990,2.641631603240967,1.7079586,9.654516,170.786376953125,2.5345001220703125,7.716420104289121,17.45354461669922
4991,4.619713306427002,0.22093564,0.87926304,211.428466796875,0.5866050720214844,0.8044656667785297,2.1669540405273438
4992,2.367124319076538,2.5946681,9.400554,475.939208984375,14.758880615234375,3.4527375546063688,10.297866821289062
4993,4.556370735168457,0.17768694,0.5237743,8.037109375,1.1298561096191406,0.06607610587278856,1.384185791015625
4994,3.507578134536743,0.8394342,2.1290228,11.1123046875,11.598644256591797,1.9753350811970023,5.43609619140625
4995,4.2389912605285645,0.48710212,2.1155164,194.763671875,1.5725288391113281,0.7466119533171316,1.2119674682617188
4996,3.6124725341796875,1.1948057,6.062084,139.256591796875,4.152843475341797,1.9637347869091677,4.717079162597656
4997,3.915684938430786,0.526278,2.9402688,147.015625,0.8173561096191406,0.1808726073497482,1.6087265014648438
4998,3.8501534461975098,1.9191033,7.5586762,96.390625,4.944950103759766,9.838104811302717,24.041351318359375
4999,3.988206624984741,1.454875,4.308627,193.7391357421875,2.3080673217773438,0.19707807405512767,1.6482925415039062
